Sample description: CaMK2a_WT_4mgmL_20mMMES_150mMNaCl_1mMDTT
Sample: CaMK2a_WT_4mgmL  c= 6.08 mg/ml  Code: CaMK2a_WT_4mgmL_MES_red
Parent(s): /Users/nqd670/Documents/Projects/CamKIIa_local/P12_Oct2022/analysis/FINAL_WT_6x_highconc/sub_002.dat
  6.986860e-02   1.258074e-01   1.059204e-03
  7.266340e-02   1.248057e-01   1.009279e-03
  7.545810e-02   1.224542e-01   9.777143e-04
  7.825290e-02   1.238467e-01   9.595661e-04
  8.104760e-02   1.215272e-01   9.244921e-04
  8.384240e-02   1.194897e-01   8.850500e-04
  8.663710e-02   1.192766e-01   8.682554e-04
  8.943190e-02   1.168296e-01   8.455303e-04
  9.222660e-02   1.183377e-01   8.456512e-04
  9.502130e-02   1.165697e-01   7.974299e-04
  9.781610e-02   1.162297e-01   7.990401e-04
  1.006110e-01   1.160378e-01   7.743498e-04
  1.034060e-01   1.146208e-01   7.719655e-04
  1.062000e-01   1.136080e-01   7.454025e-04
  1.089950e-01   1.130081e-01   7.176109e-04
  1.117900e-01   1.128027e-01   7.248936e-04
  1.145850e-01   1.105604e-01   7.027763e-04
  1.173790e-01   1.112500e-01   6.967661e-04
  1.201740e-01   1.100895e-01   6.772778e-04
  1.229690e-01   1.079175e-01   6.618360e-04
  1.257640e-01   1.082358e-01   6.695199e-04
  1.285580e-01   1.070945e-01   6.451372e-04
  1.313530e-01   1.073658e-01   6.310752e-04
  1.341480e-01   1.069191e-01   6.321691e-04
  1.369430e-01   1.055084e-01   6.140890e-04
  1.397370e-01   1.044006e-01   6.186819e-04
  1.425320e-01   1.039287e-01   5.897535e-04
  1.453270e-01   1.048398e-01   5.995921e-04
  1.481220e-01   1.030772e-01   5.811321e-04
  1.509160e-01   1.019738e-01   5.744388e-04
  1.537110e-01   1.015490e-01   5.673492e-04
  1.565060e-01   1.005342e-01   5.587620e-04
  1.593000e-01   1.000794e-01   5.587571e-04
  1.620950e-01   9.944796e-02   5.458737e-04
  1.648900e-01   9.907850e-02   5.394658e-04
  1.676850e-01   9.764456e-02   5.294069e-04
  1.704790e-01   9.833433e-02   5.288155e-04
  1.732740e-01   9.630492e-02   5.222847e-04
  1.760690e-01   9.669901e-02   5.164395e-04
  1.788640e-01   9.546579e-02   5.038906e-04
  1.816580e-01   9.456831e-02   4.988308e-04
  1.844530e-01   9.497998e-02   4.984896e-04
  1.872480e-01   9.291691e-02   4.934821e-04
  1.900430e-01   9.280016e-02   4.782495e-04
  1.928370e-01   9.169183e-02   4.831058e-04
  1.956320e-01   9.092681e-02   4.734140e-04
  1.984270e-01   9.002933e-02   4.645727e-04
  2.012220e-01   8.927033e-02   4.595979e-04
  2.040160e-01   8.923793e-02   4.601752e-04
  2.068110e-01   8.841997e-02   4.726748e-04
  2.096060e-01   8.811956e-02   4.684184e-04
  2.124010e-01   8.791324e-02   4.659240e-04
  2.151950e-01   8.615924e-02   4.645089e-04
  2.179900e-01   8.557701e-02   4.599965e-04
  2.207850e-01   8.452275e-02   4.619214e-04
  2.235800e-01   8.412643e-02   4.579513e-04
  2.263740e-01   8.406378e-02   4.533321e-04
  2.291690e-01   8.324812e-02   4.550372e-04
  2.319640e-01   8.235263e-02   4.501240e-04
  2.347590e-01   8.145827e-02   4.489967e-04
  2.375530e-01   8.138317e-02   4.442140e-04
  2.403480e-01   8.033725e-02   4.420686e-04
  2.431430e-01   7.968312e-02   4.423030e-04
  2.459380e-01   7.844947e-02   4.378286e-04
  2.487320e-01   7.776525e-02   4.298419e-04
  2.515270e-01   7.725771e-02   4.285354e-04
  2.543220e-01   7.682742e-02   4.283604e-04
  2.571170e-01   7.513673e-02   4.223141e-04
  2.599110e-01   7.520780e-02   4.207099e-04
  2.627060e-01   7.376390e-02   4.119804e-04
  2.655010e-01   7.325594e-02   4.167036e-04
  2.682960e-01   7.323480e-02   4.108817e-04
  2.710900e-01   7.104641e-02   4.033137e-04
  2.738850e-01   7.155857e-02   4.068768e-04
  2.766800e-01   7.067993e-02   4.011655e-04
  2.794750e-01   7.053419e-02   4.046179e-04
  2.822690e-01   6.926505e-02   3.957337e-04
  2.850640e-01   6.822775e-02   3.882813e-04
  2.878590e-01   6.799217e-02   3.911143e-04
  2.906540e-01   6.740262e-02   3.862128e-04
  2.934480e-01   6.672077e-02   3.892730e-04
  2.962430e-01   6.544806e-02   3.771959e-04
  2.990380e-01   6.490176e-02   3.764610e-04
  3.018330e-01   6.400051e-02   3.755148e-04
  3.046270e-01   6.279753e-02   3.681720e-04
  3.074220e-01   6.265270e-02   3.699059e-04
  3.102170e-01   6.211711e-02   3.637931e-04
  3.130110e-01   6.150715e-02   3.606911e-04
  3.158060e-01   6.063827e-02   3.621173e-04
  3.186010e-01   6.110898e-02   3.573387e-04
  3.213960e-01   5.930719e-02   3.531128e-04
  3.241900e-01   5.830395e-02   3.592661e-04
  3.269850e-01   5.776475e-02   3.639077e-04
  3.297800e-01   5.758248e-02   3.675497e-04
  3.325750e-01   5.701035e-02   3.620388e-04
  3.353690e-01   5.610410e-02   3.650572e-04
  3.381640e-01   5.510191e-02   3.641413e-04
  3.409590e-01   5.481211e-02   3.650262e-04
  3.437540e-01   5.436049e-02   3.642382e-04
  3.465480e-01   5.355599e-02   3.623025e-04
  3.493430e-01   5.269143e-02   3.637850e-04
  3.521380e-01   5.254845e-02   3.620719e-04
  3.549330e-01   5.191439e-02   3.603367e-04
  3.577270e-01   5.093863e-02   3.586406e-04
  3.605220e-01   5.013160e-02   3.559891e-04
  3.633170e-01   4.991651e-02   3.599410e-04
  3.661120e-01   4.880720e-02   3.541140e-04
  3.689060e-01   4.826500e-02   3.519086e-04
  3.717010e-01   4.801933e-02   3.526587e-04
  3.744960e-01   4.736533e-02   3.510164e-04
  3.772910e-01   4.603046e-02   3.487549e-04
  3.800850e-01   4.603857e-02   3.447082e-04
  3.828800e-01   4.547910e-02   3.487776e-04
  3.856750e-01   4.505531e-02   3.473026e-04
  3.884700e-01   4.437275e-02   3.434891e-04
  3.912640e-01   4.355289e-02   3.272087e-04
  3.940590e-01   4.307469e-02   3.204842e-04
  3.968540e-01   4.245141e-02   3.175775e-04
  3.996490e-01   4.205992e-02   3.131082e-04
  4.024430e-01   4.140482e-02   3.067880e-04
  4.052380e-01   4.089974e-02   3.005641e-04
  4.080330e-01   4.045563e-02   2.983959e-04
  4.108280e-01   3.939780e-02   2.955928e-04
  4.136220e-01   3.894301e-02   2.895446e-04
  4.164170e-01   3.876474e-02   2.896053e-04
  4.192120e-01   3.767217e-02   2.827743e-04
  4.220070e-01   3.792089e-02   2.818942e-04
  4.248010e-01   3.697406e-02   2.784819e-04
  4.275960e-01   3.674465e-02   2.734939e-04
  4.303910e-01   3.610574e-02   2.744248e-04
  4.331860e-01   3.545880e-02   2.700414e-04
  4.359800e-01   3.511702e-02   2.704472e-04
  4.387750e-01   3.401743e-02   2.602785e-04
  4.415700e-01   3.399508e-02   2.609844e-04
  4.443650e-01   3.332554e-02   2.575781e-04
  4.471590e-01   3.330567e-02   2.601285e-04
  4.499540e-01   3.253215e-02   2.526112e-04
  4.527490e-01   3.197906e-02   2.502082e-04
  4.555440e-01   3.070044e-02   2.451268e-04
  4.583380e-01   3.063237e-02   2.439342e-04
  4.611330e-01   3.029781e-02   2.413905e-04
  4.639280e-01   2.958007e-02   2.391870e-04
  4.667230e-01   2.933974e-02   2.365367e-04
  4.695170e-01   2.853033e-02   2.352569e-04
  4.723120e-01   2.866722e-02   2.342324e-04
  4.751070e-01   2.794350e-02   2.287523e-04
  4.779010e-01   2.778072e-02   2.279791e-04
  4.806960e-01   2.723842e-02   2.263071e-04
  4.834910e-01   2.713090e-02   2.275730e-04
  4.862860e-01   2.605847e-02   2.201888e-04
  4.890800e-01   2.587480e-02   2.188025e-04
  4.918750e-01   2.548485e-02   2.149941e-04
  4.946700e-01   2.474796e-02   2.142579e-04
  4.974650e-01   2.480408e-02   2.139332e-04
  5.002590e-01   2.441762e-02   2.114132e-04
  5.030540e-01   2.408697e-02   2.091072e-04
  5.058490e-01   2.370813e-02   2.084428e-04
  5.086440e-01   2.315441e-02   2.039655e-04
  5.114380e-01   2.308446e-02   2.091380e-04
  5.142330e-01   2.226276e-02   2.088250e-04
  5.170280e-01   2.224959e-02   2.110365e-04
  5.198230e-01   2.195512e-02   2.120684e-04
  5.226170e-01   2.109885e-02   2.083549e-04
  5.254120e-01   2.064587e-02   2.075031e-04
  5.282070e-01   2.018623e-02   2.061331e-04
  5.310020e-01   2.007132e-02   2.079523e-04
  5.337960e-01   2.018405e-02   2.086094e-04
  5.365910e-01   1.907038e-02   2.021095e-04
  5.393860e-01   1.876737e-02   2.041679e-04
  5.421810e-01   1.857329e-02   2.030005e-04
  5.449750e-01   1.865595e-02   2.034329e-04
  5.477700e-01   1.814826e-02   2.029113e-04
  5.505650e-01   1.781206e-02   1.936194e-04
  5.533600e-01   1.730977e-02   1.891222e-04
  5.561540e-01   1.685245e-02   1.842301e-04
  5.589490e-01   1.668651e-02   1.817002e-04
  5.617440e-01   1.646528e-02   1.793967e-04
  5.645390e-01   1.621784e-02   1.788192e-04
  5.673330e-01   1.568741e-02   1.730610e-04
  5.701280e-01   1.533611e-02   1.704949e-04
  5.729230e-01   1.511522e-02   1.671031e-04
  5.757180e-01   1.476375e-02   1.659982e-04
  5.785120e-01   1.457714e-02   1.656569e-04
  5.813070e-01   1.425832e-02   1.598572e-04
  5.841020e-01   1.412463e-02   1.613584e-04
  5.868970e-01   1.395673e-02   1.589821e-04
  5.896910e-01   1.372438e-02   1.574969e-04
  5.924860e-01   1.331540e-02   1.554331e-04
  5.952810e-01   1.295900e-02   1.526843e-04
  5.980760e-01   1.263980e-02   1.519570e-04
  6.008700e-01   1.248146e-02   1.502705e-04
  6.036650e-01   1.212919e-02   1.475523e-04
  6.064600e-01   1.213018e-02   1.484219e-04
  6.092550e-01   1.168049e-02   1.439396e-04
  6.120490e-01   1.161417e-02   1.445455e-04
  6.148440e-01   1.127354e-02   1.415041e-04
  6.176390e-01   1.105139e-02   1.404963e-04
  6.204340e-01   1.069230e-02   1.384103e-04
  6.232280e-01   1.067901e-02   1.374577e-04
  6.260230e-01   1.051934e-02   1.373523e-04
  6.288180e-01   9.968286e-03   1.320918e-04
  6.316120e-01   1.004194e-02   1.329223e-04
  6.344070e-01   9.810755e-03   1.317409e-04
  6.372020e-01   9.559344e-03   1.304615e-04
  6.399970e-01   9.338766e-03   1.280362e-04
  6.427910e-01   9.115406e-03   1.266304e-04
  6.455860e-01   8.977515e-03   1.265526e-04
  6.483810e-01   8.558980e-03   1.243060e-04
  6.511760e-01   8.617265e-03   1.237038e-04
  6.539700e-01   8.529378e-03   1.241007e-04
  6.567650e-01   8.096898e-03   1.214822e-04
  6.595600e-01   8.070067e-03   1.216253e-04
  6.623550e-01   7.876464e-03   1.204543e-04
  6.651490e-01   7.741298e-03   1.193955e-04
  6.679440e-01   7.709645e-03   1.188547e-04
  6.707390e-01   7.446230e-03   1.182506e-04
  6.735340e-01   7.342355e-03   1.170995e-04
  6.763280e-01   7.049079e-03   1.148007e-04
  6.791230e-01   7.322643e-03   1.170461e-04
  6.819180e-01   6.944345e-03   1.141942e-04
  6.847130e-01   6.670382e-03   1.130346e-04
  6.875070e-01   6.695036e-03   1.123608e-04
  6.903020e-01   6.546424e-03   1.109963e-04
  6.930970e-01   6.348572e-03   1.109154e-04
  6.958920e-01   6.074206e-03   1.084413e-04
  6.986860e-01   6.176207e-03   1.087357e-04
  7.014810e-01   5.877408e-03   1.071039e-04
  7.042760e-01   5.856429e-03   1.064355e-04
  7.070710e-01   5.714240e-03   1.060200e-04
  7.098650e-01   5.586000e-03   1.043334e-04
  7.126600e-01   5.559655e-03   1.047397e-04
  7.154550e-01   5.313395e-03   1.026908e-04
  7.182500e-01   5.499824e-03   1.034318e-04
  7.210440e-01   5.155543e-03   1.013958e-04
  7.238390e-01   5.385016e-03   1.025338e-04
  7.266340e-01   4.919755e-03   1.000409e-04
  7.294290e-01   4.828842e-03   9.967331e-05
  7.322230e-01   4.767248e-03   9.814033e-05
  7.350180e-01   4.450837e-03   9.697112e-05
  7.378130e-01   4.485852e-03   9.601949e-05
  7.406080e-01   4.563523e-03   9.700549e-05
  7.434020e-01   4.533349e-03   9.674130e-05
  7.461970e-01   4.264416e-03   9.468459e-05
  7.489920e-01   4.379691e-03   9.560939e-05
  7.517870e-01   4.347548e-03   9.436189e-05
  7.545810e-01   4.339336e-03   9.529530e-05
  7.573760e-01   4.095594e-03   9.278668e-05
  7.601710e-01   4.184967e-03   9.356153e-05
  7.629660e-01   3.838623e-03   9.129946e-05
  7.657600e-01   3.940768e-03   9.143857e-05
  7.685550e-01   3.936076e-03   9.148641e-05
  7.713500e-01   3.648806e-03   8.935327e-05
  7.741450e-01   3.726186e-03   9.019785e-05
  7.769390e-01   3.669413e-03   8.930331e-05
  7.797340e-01   3.657870e-03   8.963938e-05
  7.825290e-01   3.491238e-03   8.798380e-05
  7.853230e-01   3.493008e-03   8.796997e-05
  7.881180e-01   3.389201e-03   8.720354e-05
  7.909130e-01   3.294546e-03   8.650900e-05
  7.937080e-01   3.276980e-03   8.633847e-05
  7.965020e-01   3.284582e-03   8.662107e-05
  7.992970e-01   3.264242e-03   8.547122e-05
  8.020920e-01   3.259373e-03   8.589572e-05
  8.048870e-01   3.171924e-03   8.453730e-05
  8.076810e-01   3.157975e-03   8.489317e-05
  8.104760e-01   3.114403e-03   8.424189e-05
  8.132710e-01   3.016768e-03   8.372484e-05
  8.160660e-01   3.276359e-03   8.549115e-05
  8.188600e-01   2.974518e-03   8.280911e-05
  8.216550e-01   3.108005e-03   8.347365e-05
  8.244500e-01   2.992564e-03   8.287459e-05
  8.272450e-01   2.871289e-03   8.240242e-05
  8.300390e-01   2.875229e-03   8.192757e-05
  8.328340e-01   2.794536e-03   8.083594e-05
  8.356290e-01   2.832715e-03   8.121987e-05
  8.384240e-01   2.846931e-03   8.187314e-05
  8.412180e-01   2.709395e-03   8.202495e-05
  8.440130e-01   2.777725e-03   8.269324e-05
  8.468080e-01   2.630844e-03   8.201924e-05
  8.496030e-01   2.774577e-03   8.320488e-05
  8.523970e-01   2.726373e-03   8.349053e-05
  8.551920e-01   2.712505e-03   8.326878e-05
  8.579870e-01   2.703740e-03   8.373617e-05
  8.607820e-01   2.689418e-03   8.420411e-05
  8.635760e-01   2.640816e-03   8.372689e-05
  8.663710e-01   2.543796e-03   8.311590e-05
  8.691660e-01   2.663000e-03   8.391188e-05
  8.719610e-01   2.631410e-03   8.350821e-05
  8.747550e-01   2.553063e-03   8.388265e-05
  8.775500e-01   2.650615e-03   8.317076e-05
  8.803450e-01   2.503502e-03   8.172113e-05
  8.831400e-01   2.585942e-03   8.160416e-05
  8.859340e-01   2.736444e-03   8.163243e-05
  8.887290e-01   2.630730e-03   8.083354e-05
  8.915240e-01   2.393581e-03   7.838181e-05
  8.943190e-01   2.532641e-03   7.980135e-05
  8.971130e-01   2.421222e-03   7.829192e-05
  8.999080e-01   2.629725e-03   7.884148e-05
  9.027030e-01   2.512563e-03   7.822714e-05
  9.054980e-01   2.534673e-03   7.740979e-05
  9.082920e-01   2.479988e-03   7.793781e-05
  9.110870e-01   2.521439e-03   7.746867e-05
  9.138820e-01   2.563150e-03   7.696141e-05
  9.166770e-01   2.280405e-03   7.737982e-05
  9.194710e-01   2.528571e-03   7.984607e-05
  9.222660e-01   2.510660e-03   7.987717e-05
  9.250610e-01   2.556801e-03   7.988322e-05
  9.278560e-01   2.312852e-03   7.939582e-05
  9.306500e-01   2.467120e-03   8.090505e-05
  9.334450e-01   2.355521e-03   8.042112e-05
  9.362400e-01   2.521549e-03   8.184826e-05
  9.390340e-01   2.451166e-03   8.120061e-05
  9.418290e-01   2.505686e-03   8.216546e-05
  9.446240e-01   2.471099e-03   8.291694e-05
  9.474190e-01   2.342140e-03   8.223732e-05
  9.502130e-01   2.481814e-03   8.304855e-05
  9.530080e-01   2.479571e-03   8.347563e-05
  9.558030e-01   2.554771e-03   8.473250e-05
  9.585980e-01   2.493112e-03   8.423130e-05
  9.613920e-01   2.475446e-03   8.395064e-05
  9.641870e-01   2.361576e-03   8.377735e-05
  9.669820e-01   2.452562e-03   8.419609e-05
  9.697770e-01   2.468345e-03   8.517383e-05
  9.725710e-01   2.408893e-03   8.408936e-05
  9.753660e-01   2.519765e-03   8.551293e-05
  9.781610e-01   2.335071e-03   8.410163e-05
  9.809560e-01   2.414474e-03   8.504173e-05
  9.837500e-01   2.455000e-03   8.275128e-05
  9.865450e-01   2.302352e-03   8.032276e-05
  9.893400e-01   2.421895e-03   8.151452e-05
  9.921350e-01   2.310020e-03   8.001419e-05
  9.949290e-01   2.138826e-03   7.784451e-05
  9.977240e-01   2.308979e-03   7.875715e-05
  1.000520e+00   2.480924e-03   7.940762e-05
  1.003310e+00   2.312653e-03   7.844429e-05
  1.006110e+00   2.294059e-03   7.797574e-05
  1.008900e+00   2.332691e-03   7.743765e-05
  1.011700e+00   2.127836e-03   7.611018e-05
  1.014490e+00   2.435347e-03   7.765179e-05
  1.017290e+00   2.206589e-03   7.658576e-05
  1.020080e+00   2.334237e-03   7.640084e-05
  1.022880e+00   2.346141e-03   7.706322e-05
  1.025670e+00   2.409554e-03   7.665326e-05
  1.028470e+00   2.384007e-03   7.627444e-05
  1.031260e+00   2.196021e-03   7.509571e-05
  1.034060e+00   2.295571e-03   7.511406e-05
  1.036850e+00   2.318012e-03   7.576456e-05
  1.039650e+00   2.342664e-03   7.550482e-05
  1.042440e+00   2.279368e-03   7.474911e-05
  1.045230e+00   2.324442e-03   7.500025e-05
  1.048030e+00   2.276604e-03   7.423916e-05
  1.050820e+00   2.292885e-03   7.462962e-05
  1.053620e+00   2.287742e-03   7.374946e-05
  1.056410e+00   2.198822e-03   7.336526e-05
  1.059210e+00   2.311441e-03   7.365043e-05
  1.062000e+00   2.208095e-03   7.288487e-05
  1.064800e+00   2.329553e-03   7.362600e-05
  1.067590e+00   2.128683e-03   7.199776e-05
  1.070390e+00   2.267503e-03   7.292048e-05
  1.073180e+00   2.187161e-03   7.223002e-05
  1.075980e+00   2.177030e-03   7.166566e-05
  1.078770e+00   2.281562e-03   7.235442e-05
  1.081570e+00   2.378429e-03   7.251191e-05
  1.084360e+00   2.193158e-03   7.195658e-05
  1.087160e+00   2.253658e-03   7.209816e-05
  1.089950e+00   2.202987e-03   7.131824e-05
  1.092750e+00   2.130423e-03   7.094929e-05
  1.095540e+00   2.217388e-03   7.110510e-05
  1.098330e+00   2.142211e-03   7.095900e-05
  1.101130e+00   2.123095e-03   7.039462e-05
  1.103920e+00   2.111859e-03   7.038441e-05
  1.106720e+00   2.155033e-03   7.076520e-05
  1.109510e+00   1.977301e-03   6.926530e-05
  1.112310e+00   2.019079e-03   6.968605e-05
  1.115100e+00   2.061166e-03   6.983044e-05
  1.117900e+00   2.099058e-03   6.995829e-05
  1.120690e+00   2.104076e-03   7.002561e-05
  1.123490e+00   2.141227e-03   7.019816e-05
  1.126280e+00   2.071408e-03   6.955865e-05
  1.129080e+00   2.006590e-03   6.894283e-05
  1.131870e+00   1.978566e-03   6.879472e-05
  1.134670e+00   1.939941e-03   6.892563e-05
  1.137460e+00   1.946567e-03   6.874174e-05
  1.140260e+00   1.948510e-03   6.800388e-05
  1.143050e+00   1.993995e-03   6.866737e-05
  1.145850e+00   2.044278e-03   6.893444e-05
  1.148640e+00   2.001270e-03   6.832959e-05
  1.151440e+00   1.964306e-03   6.833173e-05
  1.154230e+00   1.944599e-03   6.767465e-05
  1.157020e+00   1.924291e-03   6.785870e-05
  1.159820e+00   1.847243e-03   6.708372e-05
  1.162610e+00   1.948975e-03   6.754563e-05
  1.165410e+00   1.844850e-03   6.717015e-05
  1.168200e+00   1.795679e-03   6.625641e-05
  1.171000e+00   1.817133e-03   6.675859e-05
  1.173790e+00   1.620349e-03   6.523831e-05
  1.176590e+00   1.907178e-03   6.681135e-05
  1.179380e+00   1.814467e-03   6.656072e-05
  1.182180e+00   1.773727e-03   6.611508e-05
  1.184970e+00   1.804146e-03   6.648934e-05
  1.187770e+00   1.796028e-03   6.578581e-05
  1.190560e+00   1.784521e-03   6.579962e-05
  1.193360e+00   1.766196e-03   6.584339e-05
  1.196150e+00   1.718487e-03   6.532701e-05
  1.198950e+00   1.629908e-03   6.492112e-05
  1.201740e+00   1.593678e-03   6.433099e-05
  1.204540e+00   1.667546e-03   6.476419e-05
  1.207330e+00   1.636872e-03   6.435271e-05
  1.210120e+00   1.730860e-03   6.486202e-05
  1.212920e+00   1.608248e-03   6.409679e-05
  1.215710e+00   1.582146e-03   6.404523e-05
  1.218510e+00   1.544847e-03   6.362528e-05
  1.221300e+00   1.552442e-03   6.349789e-05
  1.224100e+00   1.539095e-03   6.346933e-05
  1.226890e+00   1.545062e-03   6.337883e-05
  1.229690e+00   1.522158e-03   6.351109e-05
  1.232480e+00   1.530562e-03   6.303982e-05
  1.235280e+00   1.562681e-03   6.311360e-05
  1.238070e+00   1.524490e-03   6.330600e-05
  1.240870e+00   1.371934e-03   6.205146e-05
  1.243660e+00   1.413594e-03   6.203021e-05
  1.246460e+00   1.434776e-03   6.226997e-05
  1.249250e+00   1.480622e-03   6.205235e-05
  1.252050e+00   1.506026e-03   6.268122e-05
  1.254840e+00   1.411548e-03   6.150171e-05
  1.257640e+00   1.365646e-03   6.127558e-05
  1.260430e+00   1.454188e-03   6.178123e-05
  1.263220e+00   1.417424e-03   6.168493e-05
  1.266020e+00   1.459982e-03   6.147646e-05
  1.268810e+00   1.331507e-03   6.043984e-05
  1.271610e+00   1.300339e-03   6.053230e-05
  1.274400e+00   1.461997e-03   6.155388e-05
  1.277200e+00   1.367465e-03   6.091819e-05
  1.279990e+00   1.335207e-03   6.040352e-05
  1.282790e+00   1.293128e-03   6.014291e-05
  1.285580e+00   1.342329e-03   6.047469e-05
  1.288380e+00   1.310225e-03   6.042975e-05
  1.291170e+00   1.229595e-03   5.966530e-05
  1.293970e+00   1.247528e-03   5.988053e-05
  1.296760e+00   1.233408e-03   5.989722e-05
  1.299560e+00   1.303566e-03   6.018099e-05
  1.302350e+00   1.202696e-03   5.941275e-05
  1.305150e+00   1.151156e-03   5.907512e-05
  1.307940e+00   1.182184e-03   5.957089e-05
  1.310740e+00   1.207161e-03   5.960880e-05
  1.313530e+00   1.184097e-03   5.950123e-05
  1.316330e+00   1.112115e-03   5.884456e-05
  1.319120e+00   1.093265e-03   5.851533e-05
  1.321910e+00   1.218484e-03   5.943225e-05
  1.324710e+00   1.225681e-03   5.956138e-05
  1.327500e+00   1.147998e-03   5.901956e-05
  1.330300e+00   1.126271e-03   5.867331e-05
  1.333090e+00   1.173350e-03   5.891697e-05
  1.335890e+00   1.062107e-03   5.856342e-05
  1.338680e+00   1.097252e-03   5.837278e-05
  1.341480e+00   1.041232e-03   5.797215e-05
  1.344270e+00   1.025171e-03   5.786266e-05
  1.347070e+00   1.028181e-03   5.793145e-05
  1.349860e+00   1.104350e-03   5.832416e-05
  1.352660e+00   1.108054e-03   5.802396e-05
  1.355450e+00   1.018862e-03   5.768849e-05
  1.358250e+00   1.009553e-03   5.768762e-05
  1.361040e+00   9.657089e-04   5.713970e-05
  1.363840e+00   1.009245e-03   5.723464e-05
  1.366630e+00   9.865345e-04   5.737289e-05
  1.369430e+00   8.961760e-04   5.666253e-05
  1.372220e+00   9.277484e-04   5.678332e-05
  1.375010e+00   9.196661e-04   5.679493e-05
  1.377810e+00   9.793783e-04   5.702559e-05
  1.380600e+00   1.010942e-03   5.721674e-05
  1.383400e+00   9.555115e-04   5.695678e-05
  1.386190e+00   8.688043e-04   5.622780e-05
  1.388990e+00   9.404984e-04   5.639151e-05
  1.391780e+00   9.001217e-04   5.643434e-05
  1.394580e+00   9.782237e-04   5.710046e-05
  1.397370e+00   9.500954e-04   5.622130e-05
  1.400170e+00   8.986678e-04   5.611492e-05
  1.402960e+00   8.259753e-04   5.567067e-05
  1.405760e+00   7.857977e-04   5.553987e-05
  1.408550e+00   9.587796e-04   5.626107e-05
  1.411350e+00   8.929901e-04   5.604569e-05
  1.414140e+00   8.863437e-04   5.577867e-05
  1.416940e+00   8.360674e-04   5.567485e-05
  1.419730e+00   7.937319e-04   5.521600e-05
  1.422530e+00   7.838339e-04   5.518145e-05
  1.425320e+00   8.377056e-04   5.515875e-05
  1.428110e+00   8.358437e-04   5.583490e-05
  1.430910e+00   7.795099e-04   5.499408e-05
  1.433700e+00   8.335428e-04   5.512166e-05
  1.436500e+00   8.112072e-04   5.498465e-05
  1.439290e+00   7.656661e-04   5.453214e-05
  1.442090e+00   8.419638e-04   5.533151e-05
  1.444880e+00   8.340378e-04   5.477465e-05
  1.447680e+00   8.375329e-04   5.517382e-05
  1.450470e+00   6.775559e-04   5.367112e-05
  1.453270e+00   7.567714e-04   5.448141e-05
  1.456060e+00   7.702862e-04   5.452141e-05
  1.458860e+00   7.677697e-04   5.384655e-05
  1.461650e+00   8.156530e-04   5.477488e-05
  1.464450e+00   7.716299e-04   5.447156e-05
  1.467240e+00   8.512418e-04   5.458988e-05
  1.470040e+00   8.320987e-04   5.439750e-05
  1.472830e+00   6.644293e-04   5.311946e-05
  1.475630e+00   7.851316e-04   5.441977e-05
  1.478420e+00   7.607615e-04   5.396327e-05
  1.481220e+00   8.046727e-04   5.392806e-05
  1.484010e+00   6.770559e-04   5.322645e-05
  1.486800e+00   7.367780e-04   5.350758e-05
  1.489600e+00   7.231760e-04   5.371569e-05
  1.492390e+00   7.583734e-04   5.366714e-05
  1.495190e+00   7.907747e-04   5.376058e-05
  1.497980e+00   7.884951e-04   5.375630e-05
  1.500780e+00   6.145773e-04   5.240956e-05
  1.503570e+00   7.549095e-04   5.341395e-05
  1.506370e+00   6.345658e-04   5.257387e-05
  1.509160e+00   6.570576e-04   5.395975e-05
  1.511960e+00   7.174901e-04   5.492508e-05
  1.514750e+00   6.174359e-04   5.411599e-05
  1.517550e+00   7.644605e-04   5.563372e-05
  1.520340e+00   6.224211e-04   5.478153e-05
  1.523140e+00   6.772484e-04   5.567607e-05
  1.525930e+00   6.719638e-04   5.589988e-05
  1.528730e+00   6.041003e-04   5.525650e-05
  1.531520e+00   6.097681e-04   5.579396e-05
  1.534320e+00   5.402039e-04   5.523505e-05
  1.537110e+00   6.242401e-04   5.643850e-05
  1.539900e+00   5.773980e-04   5.597737e-05
  1.542700e+00   6.686579e-04   5.675334e-05
  1.545490e+00   6.554079e-04   5.662602e-05
  1.548290e+00   5.283980e-04   5.621181e-05
  1.551080e+00   5.977878e-04   5.661972e-05
  1.553880e+00   6.681118e-04   5.697298e-05
  1.556670e+00   6.379194e-04   5.748176e-05
  1.559470e+00   6.539095e-04   5.736831e-05
  1.562260e+00   6.695477e-04   5.769021e-05
  1.565060e+00   6.323717e-04   5.741225e-05
  1.567850e+00   6.071727e-04   5.749796e-05
  1.570650e+00   5.754934e-04   5.768016e-05
  1.573440e+00   6.600148e-04   5.793342e-05
  1.576240e+00   5.692632e-04   5.619329e-05
  1.579030e+00   5.112303e-04   5.513243e-05
  1.581830e+00   6.010938e-04   5.547543e-05
  1.584620e+00   5.961513e-04   5.532186e-05
  1.587420e+00   5.812352e-04   5.459933e-05
  1.590210e+00   6.057977e-04   5.476612e-05
  1.593000e+00   6.707319e-04   5.474349e-05
  1.595800e+00   4.748997e-04   5.369855e-05
  1.598590e+00   6.671661e-04   5.413021e-05
  1.601390e+00   6.395362e-04   5.380286e-05
  1.604180e+00   6.143701e-04   5.379166e-05
  1.606980e+00   5.840115e-04   5.359995e-05
  1.609770e+00   5.824885e-04   5.324747e-05
  1.612570e+00   5.638914e-04   5.290048e-05
  1.615360e+00   5.726299e-04   5.291132e-05
  1.618160e+00   6.056480e-04   5.316015e-05
  1.620950e+00   6.116135e-04   5.319441e-05
  1.623750e+00   7.023322e-04   5.363949e-05
  1.626540e+00   5.800164e-04   5.261270e-05
  1.629340e+00   5.344655e-04   5.211610e-05
  1.632130e+00   5.462467e-04   5.247962e-05
  1.634930e+00   6.768257e-04   5.260039e-05
  1.637720e+00   7.204293e-04   5.308699e-05
  1.640520e+00   5.515888e-04   5.206567e-05
  1.643310e+00   5.174671e-04   5.207595e-05
  1.646110e+00   5.741217e-04   5.188668e-05
  1.648900e+00   6.001365e-04   5.170622e-05
  1.651690e+00   5.241661e-04   5.156633e-05
  1.654490e+00   5.653174e-04   5.199148e-05
  1.657280e+00   5.303092e-04   5.176097e-05
  1.660080e+00   5.094770e-04   5.133681e-05
  1.662870e+00   6.040461e-04   5.180956e-05
  1.665670e+00   6.208322e-04   5.209972e-05
  1.668460e+00   6.106201e-04   5.193076e-05
  1.671260e+00   6.189309e-04   5.193197e-05
  1.674050e+00   6.177039e-04   5.168245e-05
  1.676850e+00   5.353882e-04   5.139278e-05
  1.679640e+00   4.613487e-04   5.081112e-05
  1.682440e+00   5.592204e-04   5.108604e-05
  1.685230e+00   6.409984e-04   5.183613e-05
  1.688030e+00   5.842829e-04   5.112122e-05
  1.690820e+00   5.719490e-04   5.161758e-05
  1.693620e+00   5.928569e-04   5.121153e-05
  1.696410e+00   5.362319e-04   5.076510e-05
  1.699210e+00   5.786694e-04   5.106513e-05
  1.702000e+00   5.084852e-04   5.049296e-05
  1.704790e+00   5.483289e-04   5.113178e-05
  1.707590e+00   5.301645e-04   5.042747e-05
  1.710380e+00   5.066365e-04   5.044668e-05
  1.713180e+00   6.086826e-04   5.102975e-05
  1.715970e+00   4.539211e-04   4.981523e-05
  1.718770e+00   5.037533e-04   5.023651e-05
  1.721560e+00   5.869145e-04   5.057048e-05
  1.724360e+00   5.417747e-04   5.065564e-05
  1.727150e+00   5.612303e-04   5.043997e-05
  1.729950e+00   5.339391e-04   4.989877e-05
  1.732740e+00   5.590345e-04   5.007745e-05
  1.735540e+00   5.038322e-04   4.969770e-05
  1.738330e+00   5.609211e-04   5.009357e-05
  1.741130e+00   4.611266e-04   4.942331e-05
  1.743920e+00   5.413339e-04   4.944885e-05
  1.746720e+00   4.535658e-04   4.937023e-05
  1.749510e+00   5.148980e-04   4.909840e-05
  1.752310e+00   5.629507e-04   4.983293e-05
  1.755100e+00   5.560230e-04   4.954878e-05
  1.757890e+00   5.004934e-04   4.919669e-05
  1.760690e+00   5.466513e-04   4.941301e-05
  1.763480e+00   5.237138e-04   4.916143e-05
  1.766280e+00   5.674589e-04   4.940941e-05
  1.769070e+00   5.736645e-04   4.921607e-05
  1.771870e+00   4.986941e-04   4.928355e-05
  1.774660e+00   5.393816e-04   4.929113e-05
  1.777460e+00   5.717089e-04   4.895457e-05
  1.780250e+00   4.349786e-04   4.842383e-05
  1.783050e+00   5.047155e-04   4.889237e-05
  1.785840e+00   4.833158e-04   4.892831e-05
  1.788640e+00   5.127188e-04   4.870905e-05
  1.791430e+00   4.349293e-04   4.825283e-05
  1.794230e+00   5.021431e-04   4.871579e-05
  1.797020e+00   5.331826e-04   4.902028e-05
  1.799820e+00   4.746299e-04   4.856133e-05
  1.802610e+00   4.596793e-04   4.828740e-05
  1.805410e+00   4.640839e-04   4.849617e-05
  1.808200e+00   4.212072e-04   4.827625e-05
  1.811000e+00   4.480691e-04   4.810123e-05
  1.813790e+00   4.039293e-04   4.800541e-05
  1.816580e+00   4.233668e-04   4.797324e-05
  1.819380e+00   5.557336e-04   4.899306e-05
  1.822170e+00   4.840674e-04   4.845523e-05
  1.824970e+00   5.573947e-04   4.858686e-05
  1.827760e+00   4.709507e-04   4.805317e-05
  1.830560e+00   4.512484e-04   4.803150e-05
  1.833350e+00   4.581859e-04   4.825048e-05
  1.836150e+00   4.950773e-04   4.804089e-05
  1.838940e+00   5.267138e-04   4.817151e-05
  1.841740e+00   4.272615e-04   4.777202e-05
  1.844530e+00   4.297286e-04   4.781378e-05
  1.847330e+00   4.466661e-04   4.753326e-05
  1.850120e+00   4.916447e-04   4.785012e-05
  1.852920e+00   3.957845e-04   4.746752e-05
  1.855710e+00   3.838207e-04   4.728155e-05
  1.858510e+00   4.187599e-04   4.728393e-05
  1.861300e+00   4.288174e-04   4.743403e-05
  1.864100e+00   4.048799e-04   4.711771e-05
  1.866890e+00   3.717451e-04   4.710077e-05
  1.869680e+00   4.272007e-04   4.714837e-05
  1.872480e+00   4.854375e-04   4.737747e-05
  1.875270e+00   4.723191e-04   4.757117e-05
  1.878070e+00   4.314408e-04   4.721048e-05
  1.880860e+00   4.521447e-04   4.737383e-05
  1.883660e+00   3.892385e-04   4.662301e-05
  1.886450e+00   4.252253e-04   4.715617e-05
  1.889250e+00   3.878092e-04   4.666650e-05
  1.892040e+00   3.556595e-04   4.667428e-05
  1.894840e+00   3.577961e-04   4.660679e-05
  1.897630e+00   3.814638e-04   4.666255e-05
  1.900430e+00   3.420625e-04   4.701725e-05
  1.903220e+00   4.069605e-04   4.711444e-05
  1.906020e+00   4.005592e-04   4.690949e-05
  1.908810e+00   3.064062e-04   4.669673e-05
  1.911610e+00   4.043586e-04   4.733012e-05
  1.914400e+00   3.667270e-04   4.728156e-05
  1.917200e+00   3.380724e-04   4.695842e-05
  1.919990e+00   3.854934e-04   4.730174e-05
  1.922780e+00   3.950855e-04   4.729650e-05
  1.925580e+00   3.881102e-04   4.730184e-05
  1.928370e+00   3.243569e-04   4.691898e-05
  1.931170e+00   2.872928e-04   4.653704e-05
  1.933960e+00   3.100937e-04   4.680740e-05
  1.936760e+00   3.653306e-04   4.712669e-05
  1.939550e+00   2.987780e-04   4.652523e-05
  1.942350e+00   2.642944e-04   4.621174e-05
  1.945140e+00   3.451497e-04   4.637082e-05
  1.947940e+00   3.016891e-04   4.621727e-05
  1.950730e+00   3.827993e-04   4.673438e-05
  1.953530e+00   3.355921e-04   4.617905e-05
  1.956320e+00   3.657516e-04   4.631160e-05
  1.959120e+00   2.859030e-04   4.551100e-05
  1.961910e+00   2.593520e-04   4.593515e-05
  1.964710e+00   3.310477e-04   4.602336e-05
  1.967500e+00   3.602138e-04   4.626039e-05
  1.970300e+00   2.608849e-04   4.598817e-05
  1.973090e+00   3.070641e-04   4.599074e-05
  1.975890e+00   3.146875e-04   4.598051e-05
  1.978680e+00   3.128355e-04   4.553215e-05
  1.981470e+00   2.517204e-04   4.568539e-05
  1.984270e+00   3.441579e-04   4.603322e-05
  1.987060e+00   2.863207e-04   4.571067e-05
  1.989860e+00   2.253914e-04   4.503138e-05
  1.992650e+00   2.732862e-04   4.524229e-05
  1.995450e+00   2.990082e-04   4.560447e-05
  1.998240e+00   1.884079e-04   4.502434e-05
  2.001040e+00   2.447500e-04   4.531589e-05
  2.003830e+00   2.529868e-04   4.521349e-05
  2.006630e+00   2.128865e-04   4.478819e-05
  2.009420e+00   2.526628e-04   4.519372e-05
  2.012220e+00   2.798470e-04   4.508021e-05
  2.015010e+00   2.324276e-04   4.492132e-05
  2.017810e+00   2.676875e-04   4.497490e-05
  2.020600e+00   2.374474e-04   4.484673e-05
  2.023400e+00   2.327368e-04   4.497732e-05
  2.026190e+00   2.396069e-04   4.454793e-05
  2.028990e+00   1.897056e-04   4.466875e-05
  2.031780e+00   1.760921e-04   4.435554e-05
  2.034570e+00   2.250921e-04   4.480863e-05
  2.037370e+00   1.651201e-04   4.422423e-05
  2.040160e+00   2.314079e-04   4.453972e-05
  2.042960e+00   2.719490e-04   4.474105e-05
  2.045750e+00   2.302516e-04   4.451758e-05
  2.048550e+00   1.990099e-04   4.428921e-05
  2.051340e+00   1.346382e-04   4.399431e-05
  2.054140e+00   2.577944e-04   4.445862e-05
  2.056930e+00   1.525000e-04   4.403357e-05
  2.059730e+00   1.552056e-04   4.389426e-05
  2.062520e+00   1.479474e-04   4.403403e-05
  2.065320e+00   2.126118e-04   4.414755e-05
  2.068110e+00   2.058437e-04   4.414332e-05
  2.070910e+00   2.439293e-04   4.446959e-05
  2.073700e+00   1.675280e-04   4.385199e-05
  2.076500e+00   1.490724e-04   4.371926e-05
  2.079290e+00   1.511859e-04   4.372382e-05
  2.082090e+00   1.457961e-04   4.382921e-05
  2.084880e+00   1.905888e-04   4.386005e-05
  2.087670e+00   2.498405e-04   4.415910e-05
  2.090470e+00   1.042056e-04   4.354919e-05
  2.093260e+00   1.680263e-04   4.370566e-05
  2.096060e+00   9.480757e-05   4.331118e-05
  2.098850e+00   1.403125e-04   4.349604e-05
  2.101650e+00   1.343372e-04   4.432054e-05
  2.104440e+00   1.456924e-04   4.465479e-05
  2.107240e+00   1.397401e-04   4.482885e-05
  2.110030e+00   1.050987e-04   4.485890e-05
  2.112830e+00   1.632352e-04   4.525099e-05
  2.115620e+00   1.403898e-04   4.563219e-05
  2.118420e+00   1.482155e-04   4.539255e-05
  2.121210e+00   1.685049e-04   4.579461e-05
  2.124010e+00   1.889770e-04   4.595350e-05
  2.126800e+00   1.886151e-04   4.604508e-05
  2.129600e+00   1.685082e-04   4.616074e-05
  2.132390e+00   1.369490e-04   4.590317e-05
  2.135190e+00   1.959063e-04   4.650367e-05
  2.137980e+00   1.594178e-04   4.636804e-05
  2.140780e+00   1.676793e-04   4.675363e-05
  2.143570e+00   1.248914e-04   4.648924e-05
  2.146360e+00   5.923684e-05   4.601722e-05
  2.149160e+00   1.743273e-04   4.682730e-05
  2.151950e+00   1.135428e-04   4.715566e-05
  2.154750e+00   1.711727e-04   4.721946e-05
  2.157540e+00   1.323092e-04   4.729178e-05
  2.160340e+00   1.050197e-04   4.708933e-05
  2.163130e+00   1.243174e-04   4.737536e-05
  2.165930e+00   5.997039e-05   4.710475e-05
  2.168720e+00   1.245378e-04   4.634064e-05
  2.171520e+00   1.436743e-04   4.623610e-05
  2.174310e+00   6.901151e-05   4.544913e-05
  2.177110e+00   8.376151e-05   4.541322e-05
  2.179900e+00   2.006941e-04   4.570066e-05
  2.182700e+00   1.034062e-04   4.495391e-05
  2.185490e+00   7.355757e-05   4.486461e-05
  2.188290e+00   1.611349e-05   4.453914e-05
  2.191080e+00   1.633306e-04   4.505635e-05
  2.193880e+00   5.872862e-05   4.452285e-05
  2.196670e+00   4.927961e-05   4.408219e-05
  2.199460e+00   1.515461e-04   4.481419e-05
  2.202260e+00   1.943602e-04   4.480543e-05
  2.205050e+00   1.125329e-04   4.449589e-05
  2.207850e+00   1.155477e-04   4.411567e-05
  2.210640e+00   2.856414e-05   4.388791e-05
  2.213440e+00   5.985033e-05   4.384957e-05
  2.216230e+00   1.105197e-04   4.388918e-05
  2.219030e+00   1.251776e-04   4.409962e-05
  2.221820e+00   7.631250e-05   4.371877e-05
  2.224620e+00   3.661513e-05   4.357571e-05
  2.227410e+00   1.136250e-04   4.372808e-05
  2.230210e+00   8.769408e-05   4.362413e-05
  2.233000e+00   1.486266e-04   4.409916e-05
  2.235800e+00   1.271760e-04   4.421924e-05
  2.238590e+00   2.368421e-05   4.337730e-05
  2.241390e+00   6.769243e-05   4.382801e-05
  2.244180e+00   5.531743e-05   4.376123e-05
  2.246980e+00   2.212171e-06   4.336122e-05
  2.249770e+00   1.608224e-05   4.321786e-05
  2.252560e+00  -2.955757e-05   4.307334e-05
  2.255360e+00   1.241760e-04   4.388385e-05
  2.258150e+00   1.503865e-04   4.452638e-05
  2.260950e+00   6.162171e-05   4.331975e-05
  2.263740e+00   6.241283e-05   4.352678e-05
  2.266540e+00   8.372533e-05   4.345058e-05
  2.269330e+00   1.002582e-04   4.377056e-05
  2.272130e+00   4.914638e-05   4.353589e-05
  2.274920e+00   6.425658e-05   4.332961e-05
  2.277720e+00   6.797862e-05   4.323757e-05
  2.280510e+00   9.708882e-05   4.358661e-05
  2.283310e+00   4.410855e-05   4.329643e-05
  2.286100e+00   1.074687e-04   4.333137e-05
  2.288900e+00   1.094605e-04   4.329247e-05
  2.291690e+00   3.199836e-05   4.319637e-05
  2.294490e+00   7.248849e-05   4.334487e-05
  2.297280e+00  -5.651316e-06   4.249380e-05
  2.300080e+00   1.052039e-04   4.328327e-05
  2.302870e+00   1.037648e-04   4.314095e-05
  2.305670e+00   1.295707e-04   4.354525e-05
  2.308460e+00   4.307566e-06   4.236572e-05
  2.311250e+00   8.898684e-05   4.297403e-05
  2.314050e+00   1.061135e-04   4.303482e-05
  2.316840e+00   1.186349e-04   4.303472e-05
  2.319640e+00   8.692434e-05   4.270944e-05
  2.322430e+00   8.472533e-05   4.260576e-05
  2.325230e+00  -3.270724e-05   4.217775e-05
  2.328020e+00   4.384375e-05   4.248048e-05
  2.330820e+00   2.663651e-05   4.252515e-05
  2.333610e+00   1.232467e-04   4.263084e-05
  2.336410e+00   1.083240e-04   4.270490e-05
  2.339200e+00   3.726645e-05   4.238712e-05
  2.342000e+00   1.226711e-04   4.291395e-05
  2.344790e+00   1.809704e-04   4.298135e-05
  2.347590e+00   9.202961e-05   4.257025e-05
  2.350380e+00   7.238651e-05   4.225865e-05
  2.353180e+00   1.282829e-04   4.282933e-05
  2.355970e+00   5.074671e-05   4.212738e-05
  2.358770e+00   5.336020e-05   4.206074e-05
  2.361560e+00   6.180757e-05   4.229516e-05
  2.364350e+00   1.142928e-05   4.191944e-05
  2.367150e+00   4.011513e-06   4.173039e-05
  2.369940e+00   6.533388e-05   4.194571e-05
  2.372740e+00   6.656414e-05   4.219944e-05
  2.375530e+00   3.577796e-05   4.186643e-05
  2.378330e+00   7.956743e-05   4.191732e-05
  2.381120e+00   1.310707e-04   4.224965e-05
  2.383920e+00   6.003947e-05   4.187692e-05
  2.386710e+00   8.259046e-05   4.185451e-05
  2.389510e+00   5.398684e-05   4.185028e-05
  2.392300e+00  -6.937829e-05   4.100515e-05
  2.395100e+00   3.601974e-05   4.147658e-05
  2.397890e+00   1.158092e-04   4.190495e-05
  2.400690e+00   1.070609e-04   4.188998e-05
  2.403480e+00   8.112500e-05   4.153510e-05
  2.406280e+00   1.330132e-04   4.198518e-05
  2.409070e+00   1.153109e-04   4.164888e-05
  2.411870e+00   5.758224e-06   4.123533e-05
  2.414660e+00   1.175773e-04   4.163656e-05
  2.417450e+00   6.788980e-05   4.118488e-05
  2.420250e+00   6.705592e-05   4.133567e-05
  2.423040e+00   5.673520e-05   4.112734e-05
  2.425840e+00   7.854441e-05   4.118893e-05
  2.428630e+00   1.538487e-05   4.075829e-05
  2.431430e+00   7.396711e-05   4.102118e-05
  2.434220e+00   6.698684e-05   4.123548e-05
  2.437020e+00   1.233947e-04   4.107535e-05
  2.439810e+00   3.704605e-05   4.078258e-05
  2.442610e+00   5.562993e-05   4.065474e-05
  2.445400e+00   5.625329e-05   4.084110e-05
  2.448200e+00   8.542270e-05   4.108086e-05
  2.450990e+00   5.248849e-05   4.075424e-05
  2.453790e+00   1.388553e-04   4.133133e-05
  2.456580e+00   4.754276e-05   4.058199e-05
  2.459380e+00   2.788487e-05   4.055484e-05
  2.462170e+00   9.281086e-05   4.092865e-05
  2.464970e+00   4.901151e-05   4.056403e-05
  2.467760e+00   8.168586e-05   4.089609e-05
  2.470560e+00   7.681250e-05   4.088385e-05
  2.473350e+00   1.406908e-05   4.058873e-05
  2.476140e+00   1.738766e-04   4.126908e-05
  2.478940e+00   4.427796e-05   4.050758e-05
  2.481730e+00   7.625329e-05   4.093954e-05
  2.484530e+00   6.527303e-05   4.075740e-05
  2.487320e+00   7.435033e-05   4.074317e-05
  2.490120e+00   8.544243e-05   4.081911e-05
  2.492910e+00   9.459704e-05   4.080842e-05
  2.495710e+00   1.079572e-04   4.109622e-05
  2.498500e+00   1.204046e-04   4.088472e-05
  2.501300e+00   2.028783e-05   4.051151e-05
  2.504090e+00   1.246941e-04   4.092026e-05
  2.506890e+00   2.490132e-06   4.033686e-05
  2.509680e+00   7.934211e-05   4.084054e-05
  2.512480e+00   1.013668e-04   4.064355e-05
  2.515270e+00   6.053783e-05   4.057908e-05
  2.518070e+00   6.068421e-05   4.051421e-05
  2.520860e+00   3.190461e-05   4.051375e-05
  2.523660e+00   6.445395e-05   4.047122e-05
  2.526450e+00   4.495230e-05   4.016673e-05
  2.529240e+00   8.022862e-05   4.065896e-05
  2.532040e+00   4.726316e-05   4.050169e-05
  2.534830e+00   1.818273e-04   4.094836e-05
  2.537630e+00   1.126168e-04   4.057801e-05
  2.540420e+00   4.676151e-05   4.018385e-05
  2.543220e+00   6.226316e-05   4.048625e-05
  2.546010e+00   3.051974e-05   4.004679e-05
  2.548810e+00   5.028618e-05   4.021964e-05
  2.551600e+00   7.545559e-05   4.036229e-05
  2.554400e+00  -3.830592e-06   4.011247e-05
  2.557190e+00   1.191003e-04   4.034910e-05
  2.559990e+00   7.732401e-05   4.018487e-05
  2.562780e+00   2.964967e-05   4.009097e-05
  2.565580e+00   1.188618e-04   4.058990e-05
  2.568370e+00   8.799342e-05   4.026053e-05
  2.571170e+00   4.971546e-05   4.009668e-05
  2.573960e+00   9.123520e-05   4.030334e-05
  2.576760e+00   5.448355e-05   3.997480e-05
  2.579550e+00   1.053010e-04   4.037336e-05
  2.582340e+00   5.526809e-05   4.010694e-05
  2.585140e+00   1.410740e-04   4.044166e-05
  2.587930e+00   8.085691e-05   4.027666e-05
  2.590730e+00   7.266283e-05   4.013633e-05
  2.593520e+00   5.524178e-05   3.984683e-05
  2.596320e+00   9.036020e-05   4.003508e-05
  2.599110e+00   1.016365e-04   4.006840e-05
  2.601910e+00   8.005757e-05   4.033824e-05
  2.604700e+00   1.073405e-04   4.007081e-05
  2.607500e+00   1.297697e-04   4.013988e-05
  2.610290e+00   1.381579e-05   3.963549e-05
  2.613090e+00   8.804112e-05   4.008206e-05
  2.615880e+00   1.383421e-04   4.036143e-05
  2.618680e+00   4.123684e-05   3.966342e-05
  2.621470e+00   8.718750e-05   3.995714e-05
  2.624270e+00   1.146168e-04   4.018207e-05
  2.627060e+00   1.021957e-04   3.995992e-05
  2.629860e+00   8.555428e-05   3.983859e-05
  2.632650e+00   5.149671e-05   3.964194e-05
  2.635450e+00   9.424013e-05   4.003187e-05
  2.638240e+00   3.151316e-06   3.965646e-05
  2.641030e+00   7.636513e-05   3.964826e-05
  2.643830e+00   6.618257e-05   3.956410e-05
  2.646620e+00   4.510526e-05   3.958974e-05
  2.649420e+00   9.720066e-05   3.992447e-05
  2.652210e+00   1.117467e-04   3.993944e-05
  2.655010e+00   1.290461e-04   3.976701e-05
  2.657800e+00   1.182845e-04   3.981263e-05
  2.660600e+00   8.892105e-05   3.976156e-05
  2.663390e+00   1.375016e-04   3.999604e-05
  2.666190e+00   1.097303e-04   3.966962e-05
  2.668980e+00   5.754112e-05   3.953487e-05
  2.671780e+00   9.101809e-05   3.978416e-05
  2.674570e+00   9.586184e-05   3.969584e-05
  2.677370e+00   1.888092e-04   4.007436e-05
  2.680160e+00   1.034605e-04   3.968321e-05
  2.682960e+00   8.374507e-05   3.952607e-05
  2.685750e+00   1.866234e-04   4.025934e-05
  2.688550e+00   1.415872e-04   3.971641e-05
  2.691340e+00   1.532829e-04   3.980025e-05
  2.694130e+00   7.907895e-05   3.995317e-05
  2.696930e+00   5.491776e-05   4.041362e-05
  2.699720e+00   1.423536e-04   4.072296e-05
  2.702520e+00   3.359211e-05   4.053350e-05
  2.705310e+00   7.293914e-05   4.087390e-05
  2.708110e+00   1.150148e-04   4.129153e-05
  2.710900e+00   8.942928e-05   4.142574e-05
  2.713700e+00   3.520230e-05   4.101576e-05
  2.716490e+00   5.699671e-05   4.140531e-05
  2.719290e+00   3.194243e-05   4.149997e-05
  2.722080e+00   1.581776e-04   4.211074e-05
  2.724880e+00   2.146316e-04   4.255821e-05
  2.727670e+00   5.499836e-05   4.174582e-05
  2.730470e+00   1.998734e-04   4.294033e-05
  2.733260e+00   5.027138e-05   4.233095e-05
  2.736060e+00   1.087862e-04   4.232347e-05
  2.738850e+00   1.205921e-04   4.281337e-05
  2.741650e+00   7.935033e-05   4.257400e-05
  2.744440e+00   5.192599e-05   4.267556e-05
  2.747230e+00   6.654934e-05   4.256576e-05
  2.750030e+00   5.308224e-05   4.259317e-05
  2.752820e+00   1.075773e-04   4.316260e-05
  2.755620e+00   1.119984e-04   4.308266e-05
  2.758410e+00   1.154063e-04   4.325980e-05
  2.761210e+00   5.685855e-05   4.215337e-05
  2.764000e+00   6.257730e-05   4.182512e-05
  2.766800e+00   7.697533e-05   4.178077e-05
  2.769590e+00   1.203289e-04   4.173758e-05
  2.772390e+00   1.291661e-04   4.142712e-05
  2.775180e+00   1.247977e-04   4.166586e-05
  2.777980e+00   9.735197e-05   4.116507e-05
  2.780770e+00   7.747697e-05   4.122062e-05
  2.783570e+00   9.770395e-05   4.103051e-05
  2.786360e+00  -9.210526e-06   4.024724e-05
  2.789160e+00   8.151974e-05   4.103146e-05
  2.791950e+00   1.374836e-05   4.049329e-05
  2.794750e+00   3.362664e-05   4.060211e-05
  2.797540e+00   6.691447e-05   4.059495e-05
  2.800340e+00   5.161184e-05   4.046211e-05
  2.803130e+00   5.112664e-05   4.045720e-05
  2.805920e+00   8.974507e-05   4.046428e-05
  2.808720e+00   1.347845e-04   4.067081e-05
  2.811510e+00  -2.049013e-05   3.999349e-05
  2.814310e+00   6.314145e-06   4.012429e-05
  2.817100e+00   5.632072e-05   4.025434e-05
  2.819900e+00   1.395280e-04   4.046737e-05
  2.822690e+00   2.222039e-05   3.979791e-05
  2.825490e+00   4.662829e-05   4.016645e-05
  2.828280e+00   4.381743e-05   4.001903e-05
  2.831080e+00   2.838651e-05   3.979533e-05
  2.833870e+00   7.716447e-05   3.978755e-05
  2.836670e+00   1.313503e-04   4.013416e-05
  2.839460e+00   8.911513e-05   4.014704e-05
  2.842260e+00   9.778454e-05   3.978158e-05
  2.845050e+00   9.791447e-05   3.991112e-05
  2.847850e+00   6.225164e-05   3.959513e-05
  2.850640e+00   3.032730e-05   3.937929e-05
  2.853440e+00   1.165115e-04   3.981809e-05
  2.856230e+00   6.681579e-05   3.941806e-05
  2.859020e+00   9.589474e-05   3.958316e-05
  2.861820e+00   1.199276e-04   3.986021e-05
  2.864610e+00   1.227089e-04   3.976359e-05
  2.867410e+00   1.210461e-04   3.961242e-05
  2.870200e+00   6.212829e-05   3.929224e-05
  2.873000e+00   5.923355e-05   3.932882e-05
  2.875790e+00   8.500658e-05   3.941053e-05
  2.878590e+00   9.238651e-05   3.962967e-05
  2.881380e+00  -1.463980e-05   3.888137e-05
  2.884180e+00   1.337319e-04   3.975000e-05
  2.886970e+00   5.612664e-05   3.938058e-05
  2.889770e+00   9.432237e-05   3.932715e-05
  2.892560e+00   3.710197e-05   3.946477e-05
  2.895360e+00   1.008750e-04   3.949711e-05
  2.898150e+00  -2.511020e-05   3.902709e-05
  2.900950e+00   1.311184e-05   3.902074e-05
  2.903740e+00   9.332895e-05   3.939530e-05
  2.906540e+00   3.174178e-05   3.910714e-05
  2.909330e+00   3.565954e-05   3.925005e-05
  2.912120e+00   3.788487e-05   3.924092e-05
  2.914920e+00   5.109375e-05   3.905867e-05
  2.917710e+00   1.373092e-04   3.951546e-05
  2.920510e+00   5.621382e-05   3.913368e-05
  2.923300e+00   3.427467e-05   3.907959e-05
  2.926100e+00   9.069737e-05   3.923595e-05
  2.928890e+00   2.726645e-05   3.892161e-05
  2.931690e+00   7.991941e-05   3.919844e-05
  2.934480e+00  -4.748520e-05   3.868112e-05
  2.937280e+00   8.051645e-05   3.897648e-05
  2.940070e+00   9.421217e-05   3.924567e-05
  2.942870e+00   8.343092e-05   3.916312e-05
  2.945660e+00   9.116283e-05   3.928051e-05
  2.948460e+00   1.143454e-04   3.918110e-05
  2.951250e+00   6.753783e-05   3.894702e-05
  2.954050e+00   3.129605e-05   3.878265e-05
  2.956840e+00   7.062171e-05   3.895360e-05
  2.959640e+00   1.334720e-04   3.942546e-05
  2.962430e+00   4.183388e-05   3.867674e-05
  2.965230e+00   9.350329e-05   3.891586e-05
  2.968020e+00   1.361661e-04   3.921377e-05
  2.970810e+00   1.251990e-04   3.913204e-05
  2.973610e+00   9.186842e-05   3.894988e-05
  2.976400e+00   6.579934e-05   3.876056e-05
  2.979200e+00   1.174523e-04   3.918186e-05
  2.981990e+00   1.164063e-04   3.897477e-05
  2.984790e+00   6.935197e-05   3.865268e-05
  2.987580e+00   7.655099e-05   3.873597e-05
  2.990380e+00  -1.843586e-05   3.817518e-05
  2.993170e+00   9.398520e-05   3.905951e-05
  2.995970e+00   4.849013e-05   3.846137e-05
  2.998760e+00   6.625164e-05   3.869322e-05
  3.001560e+00   1.119128e-04   3.878039e-05
  3.004350e+00   4.794408e-05   3.852109e-05
  3.007150e+00  -4.210526e-07   3.831679e-05
  3.009940e+00   1.502747e-04   3.891253e-05
  3.012740e+00   7.885691e-05   3.855095e-05
  3.015530e+00   1.061382e-04   3.876873e-05
  3.018330e+00   9.351151e-05   3.852911e-05
  3.021120e+00   3.139638e-05   3.842456e-05
  3.023910e+00   8.305263e-05   3.844554e-05
  3.026710e+00   1.168734e-04   3.867373e-05
  3.029500e+00   9.630757e-05   3.881015e-05
  3.032300e+00   5.208224e-05   3.818855e-05
  3.035090e+00   7.801151e-05   3.839946e-05
  3.037890e+00   6.977138e-05   3.839077e-05
  3.040680e+00   7.944243e-05   3.852153e-05
  3.043480e+00   1.270905e-04   3.867240e-05
  3.046270e+00   9.476151e-05   3.838368e-05
  3.049070e+00   1.721842e-04   3.879582e-05
  3.051860e+00   1.343010e-04   3.868941e-05
  3.054660e+00   1.377632e-05   3.790528e-05
  3.057450e+00   9.001480e-05   3.832426e-05
  3.060250e+00   5.754770e-05   3.820734e-05
  3.063040e+00   1.015625e-04   3.841041e-05
  3.065840e+00   1.737007e-05   3.809599e-05
  3.068630e+00   1.400197e-04   3.831020e-05
  3.071430e+00   7.573520e-05   3.818173e-05
  3.074220e+00   1.053849e-04   3.822832e-05
  3.077010e+00   9.249013e-05   3.821615e-05
  3.079810e+00   8.304441e-05   3.800916e-05
  3.082600e+00   7.082566e-05   3.797097e-05
  3.085400e+00   7.485855e-05   3.802467e-05
  3.088190e+00   1.236151e-04   3.830286e-05
  3.090990e+00   1.125658e-04   3.789609e-05
  3.093780e+00   7.346546e-05   3.795946e-05
  3.096580e+00   1.151990e-04   3.806512e-05
  3.099370e+00   8.487829e-05   3.793086e-05
  3.102170e+00   5.974671e-05   3.774178e-05
  3.104960e+00   4.342763e-05   3.763709e-05
  3.107760e+00   6.168092e-05   3.799360e-05
  3.110550e+00   9.205099e-05   3.806554e-05
  3.113350e+00   2.378618e-05   3.764715e-05
  3.116140e+00   8.776151e-05   3.776883e-05
  3.118940e+00   1.010247e-04   3.786016e-05
  3.121730e+00   4.127467e-05   3.787062e-05
  3.124530e+00   8.689309e-05   3.775985e-05
  3.127320e+00   3.173355e-05   3.757224e-05
  3.130110e+00   1.198355e-05   3.745212e-05
  3.132910e+00   1.082171e-04   3.813982e-05
  3.135700e+00   8.479112e-05   3.792196e-05
  3.138500e+00   8.506908e-05   3.760743e-05
  3.141290e+00   1.849770e-04   3.836217e-05
  3.144090e+00   4.120230e-05   3.754946e-05
  3.146880e+00   1.629194e-04   3.821783e-05
  3.149680e+00   1.027681e-04   3.772543e-05
  3.152470e+00  -2.163980e-05   3.712559e-05
  3.155270e+00   6.647862e-05   3.771974e-05
  3.158060e+00   7.567105e-05   3.769186e-05
  3.160860e+00   1.279408e-04   3.781457e-05
  3.163650e+00   1.109868e-04   3.759618e-05
  3.166450e+00   7.305428e-05   3.749033e-05
  3.169240e+00   3.153289e-05   3.740566e-05
  3.172040e+00   7.642599e-05   3.749783e-05
  3.174830e+00   8.466612e-05   3.752844e-05
  3.177630e+00   1.090724e-04   3.756600e-05
  3.180420e+00   1.540592e-04   3.788762e-05
  3.183220e+00   9.401151e-05   3.759097e-05
  3.186010e+00   8.545395e-05   3.733793e-05
  3.188800e+00   9.351480e-05   3.748010e-05
  3.191600e+00   8.065132e-05   3.743401e-05
  3.194390e+00   1.096414e-04   3.769367e-05
  3.197190e+00   8.641941e-05   3.742133e-05
  3.199980e+00   1.609243e-04   3.773919e-05
  3.202780e+00   1.231168e-04   3.764877e-05
  3.205570e+00   3.462993e-05   3.715484e-05
  3.208370e+00   4.779276e-05   3.711433e-05
  3.211160e+00   1.068684e-04   3.750306e-05
  3.213960e+00   5.539967e-05   3.704171e-05
  3.216750e+00   5.037007e-05   3.722745e-05
  3.219550e+00   5.650329e-05   3.710378e-05
  3.222340e+00   8.258882e-05   3.729510e-05
  3.225140e+00   1.373076e-04   3.749148e-05
  3.227930e+00   8.215461e-05   3.714229e-05
  3.230730e+00   1.434260e-04   3.759168e-05
  3.233520e+00   9.392270e-05   3.705755e-05
  3.236320e+00   9.728289e-05   3.720526e-05
  3.239110e+00   1.212418e-04   3.733115e-05
  3.241900e+00   1.037352e-04   3.738513e-05
  3.244700e+00   1.083026e-04   3.726559e-05
  3.247490e+00   1.551365e-04   3.735850e-05
  3.250290e+00   1.458388e-04   3.737923e-05
  3.253080e+00   3.416283e-05   3.690155e-05
  3.255880e+00   8.463487e-05   3.700362e-05
  3.258670e+00   1.019901e-04   3.710548e-05
  3.261470e+00   1.045625e-04   3.711447e-05
  3.264260e+00   1.437401e-04   3.726169e-05
  3.267060e+00   9.237171e-05   3.699199e-05
  3.269850e+00   7.248191e-05   3.697020e-05
  3.272650e+00   6.575987e-05   3.681424e-05
  3.275440e+00   1.234161e-04   3.725069e-05
  3.278240e+00   1.547336e-04   3.734944e-05
  3.281030e+00   6.293257e-05   3.677363e-05
  3.283830e+00   1.257500e-04   3.710722e-05
  3.286620e+00   7.972039e-05   3.748187e-05
  3.289420e+00   9.222039e-05   3.812258e-05
  3.292210e+00   8.900822e-05   3.801928e-05
  3.295000e+00   7.847368e-05   3.815197e-05
  3.297800e+00   7.188651e-05   3.854357e-05
  3.300590e+00   9.004770e-05   3.856215e-05
  3.303390e+00   7.459046e-05   3.871602e-05
  3.306180e+00   3.352138e-05   3.855712e-05
  3.308980e+00   9.339803e-05   3.896102e-05
  3.311770e+00   6.541118e-05   3.913118e-05
  3.314570e+00   1.604211e-04   3.947788e-05
  3.317360e+00   1.348487e-04   3.970536e-05
  3.320160e+00   1.315938e-04   3.954401e-05
  3.322950e+00   1.965888e-04   4.006113e-05
  3.325750e+00   7.902796e-05   3.959242e-05
  3.328540e+00   1.700674e-04   3.991280e-05
  3.331340e+00   1.370049e-04   3.991516e-05
  3.334130e+00   1.288059e-04   4.002811e-05
  3.336930e+00   1.464128e-04   4.038429e-05
  3.339720e+00   1.022303e-04   4.002683e-05
  3.342520e+00   1.444539e-04   4.014247e-05
  3.345310e+00   8.947533e-05   4.012512e-05
  3.348110e+00   5.514638e-05   4.034763e-05
  3.350900e+00   7.269079e-05   4.011105e-05
  3.353690e+00   9.121053e-05   3.965301e-05
  3.356490e+00   1.408092e-04   3.958727e-05
  3.359280e+00   9.896382e-05   3.933288e-05
  3.362080e+00   1.037681e-04   3.907117e-05
  3.364870e+00   1.116859e-04   3.920344e-05
  3.367670e+00   4.511349e-05   3.856855e-05
  3.370460e+00   1.219062e-04   3.901551e-05
  3.373260e+00   7.470559e-05   3.851836e-05
  3.376050e+00   1.156447e-04   3.870549e-05
  3.378850e+00   1.319457e-04   3.875773e-05
  3.381640e+00   1.739507e-04   3.893676e-05
  3.384440e+00   1.598355e-05   3.822405e-05
  3.387230e+00   1.243750e-04   3.840166e-05
  3.390030e+00   1.182812e-04   3.835064e-05
  3.392820e+00   1.009572e-04   3.849094e-05
  3.395620e+00   1.684836e-04   3.863260e-05
  3.398410e+00   1.205658e-04   3.843204e-05
  3.401210e+00   1.039293e-04   3.817095e-05
  3.404000e+00   1.088076e-04   3.810590e-05
  3.406790e+00   1.214359e-04   3.823467e-05
  3.409590e+00   9.250164e-05   3.798896e-05
  3.412380e+00   8.702632e-05   3.800546e-05
  3.415180e+00   1.389441e-04   3.826885e-05
  3.417970e+00   8.367105e-05   3.785041e-05
  3.420770e+00   2.038668e-04   3.841819e-05
  3.423560e+00   1.070658e-04   3.798515e-05
  3.426360e+00   1.221151e-04   3.801862e-05
  3.429150e+00   1.349062e-04   3.798031e-05
  3.431950e+00   9.852961e-05   3.791630e-05
  3.434740e+00   7.559868e-05   3.769781e-05
  3.437540e+00   9.792928e-05   3.773464e-05
  3.440330e+00   8.661678e-05   3.768880e-05
  3.443130e+00   1.755099e-04   3.811762e-05
  3.445920e+00   1.155461e-04   3.786490e-05
  3.448720e+00   8.793914e-05   3.764747e-05
  3.451510e+00   1.742977e-04   3.800752e-05
  3.454310e+00   1.617500e-04   3.788122e-05
  3.457100e+00   1.159375e-04   3.778033e-05
  3.459890e+00   1.763914e-04   3.802515e-05
  3.462690e+00   8.717434e-05   3.762125e-05
  3.465480e+00   9.054441e-05   3.774176e-05
  3.468280e+00   1.717368e-04   3.781533e-05
  3.471070e+00   1.356579e-04   3.786551e-05
  3.473870e+00   7.777961e-05   3.745817e-05
  3.476660e+00   1.146842e-04   3.773176e-05
  3.479460e+00   8.171711e-05   3.773317e-05
  3.482250e+00   1.145312e-04   3.750715e-05
  3.485050e+00   1.433240e-04   3.771584e-05
  3.487840e+00   7.438980e-05   3.750238e-05
  3.490640e+00   1.117401e-04   3.756549e-05
  3.493430e+00   1.041464e-04   3.759433e-05
  3.496230e+00   1.385773e-04   3.748811e-05
  3.499020e+00   9.892270e-05   3.739485e-05
  3.501820e+00   1.185428e-04   3.739258e-05
  3.504610e+00   1.057171e-04   3.731102e-05
  3.507410e+00   1.662780e-04   3.771133e-05
  3.510200e+00   1.087336e-04   3.721587e-05
  3.513000e+00   1.239885e-04   3.742444e-05
  3.515790e+00   1.085312e-04   3.744202e-05
  3.518580e+00   1.242500e-04   3.728482e-05
  3.521380e+00   9.611842e-05   3.721520e-05
  3.524170e+00   1.449836e-04   3.743054e-05
  3.526970e+00   9.070066e-05   3.724317e-05
  3.529760e+00   1.289655e-04   3.744990e-05
  3.532560e+00   1.077385e-04   3.723146e-05
  3.535350e+00   1.739293e-04   3.758380e-05
  3.538150e+00   1.072155e-04   3.723156e-05
  3.540940e+00   1.742878e-04   3.757572e-05
  3.543740e+00   7.293092e-05   3.709442e-05
  3.546530e+00   8.686842e-05   3.728122e-05
  3.549330e+00   1.636053e-04   3.757882e-05
  3.552120e+00   1.219984e-04   3.725775e-05
  3.554920e+00   1.569589e-04   3.760498e-05
  3.557710e+00   1.664737e-04   3.757651e-05
  3.560510e+00   9.326974e-05   3.732618e-05
  3.563300e+00   1.458257e-04   3.755758e-05
  3.566100e+00   2.110724e-04   3.786916e-05
  3.568890e+00   1.016990e-04   3.727804e-05
  3.571680e+00   1.626365e-04   3.767753e-05
  3.574480e+00   1.975000e-05   3.694077e-05
  3.577270e+00   6.419243e-05   3.703873e-05
  3.580070e+00   1.905411e-04   3.775049e-05
  3.582860e+00   9.133224e-05   3.729821e-05
  3.585660e+00   1.004030e-04   3.736266e-05
  3.588450e+00   1.490806e-04   3.746155e-05
  3.591250e+00   1.732171e-04   3.759865e-05
  3.594040e+00   9.882072e-05   3.734503e-05
  3.596840e+00   3.492105e-05   3.716434e-05
  3.599630e+00   1.256464e-04   3.723183e-05
  3.602430e+00   1.281661e-04   3.735974e-05
  3.605220e+00   1.501941e-04   3.744780e-05
  3.608020e+00   7.812829e-05   3.708926e-05
  3.610810e+00   1.188043e-04   3.732403e-05
  3.613610e+00   1.727813e-04   3.761788e-05
  3.616400e+00   6.722368e-05   3.702715e-05
  3.619200e+00   9.268257e-05   3.713148e-05
  3.621990e+00   5.652961e-05   3.688811e-05
  3.624780e+00   1.319260e-04   3.715378e-05
  3.627580e+00   1.383470e-04   3.742900e-05
  3.630370e+00   1.272023e-04   3.734273e-05
  3.633170e+00   3.146546e-05   3.685298e-05
  3.635960e+00   1.204737e-04   3.699842e-05
  3.638760e+00   4.561842e-05   3.672883e-05
  3.641550e+00   1.439918e-04   3.740834e-05
  3.644350e+00   1.790329e-04   3.751253e-05
  3.647140e+00   1.236003e-04   3.708508e-05
  3.649940e+00   7.135362e-05   3.699192e-05
  3.652730e+00   1.195263e-04   3.717217e-05
  3.655530e+00   1.104671e-04   3.730678e-05
  3.658320e+00   4.119572e-05   3.681618e-05
  3.661120e+00   5.595559e-05   3.693224e-05
  3.663910e+00   1.024424e-04   3.700512e-05
  3.666710e+00   1.210181e-04   3.723215e-05
  3.669500e+00   7.624178e-05   3.699043e-05
  3.672300e+00   1.640921e-04   3.739105e-05
  3.675090e+00   1.654868e-04   3.756951e-05
  3.677890e+00   1.454079e-04   3.720056e-05
  3.680680e+00   9.308388e-05   3.711887e-05
  3.683470e+00   7.731743e-05   3.693345e-05
  3.686270e+00   6.205263e-05   3.683117e-05
  3.689060e+00   1.512632e-04   3.736714e-05
  3.691860e+00   9.408059e-05   3.707567e-05
  3.694650e+00   9.857730e-05   3.706086e-05
  3.697450e+00   8.291612e-05   3.695933e-05
  3.700240e+00   5.179112e-05   3.677543e-05
  3.703040e+00   1.624687e-04   3.742388e-05
  3.705830e+00   8.412829e-05   3.693640e-05
  3.708630e+00   1.316349e-04   3.739488e-05
  3.711420e+00   1.090970e-04   3.699972e-05
  3.714220e+00   1.117714e-04   3.716176e-05
  3.717010e+00   4.956908e-05   3.684487e-05
  3.719810e+00   1.578503e-04   3.734285e-05
  3.722600e+00   7.021875e-05   3.701247e-05
  3.725400e+00   1.243849e-04   3.708535e-05
  3.728190e+00   1.085362e-04   3.706505e-05
  3.730990e+00   1.180822e-04   3.718748e-05
  3.733780e+00   1.119062e-04   3.715855e-05
  3.736570e+00   1.075428e-04   3.708957e-05
  3.739370e+00   1.173355e-04   3.713194e-05
  3.742160e+00  -9.419408e-06   3.660752e-05
  3.744960e+00   1.005921e-04   3.708010e-05
  3.747750e+00   1.309391e-04   3.715516e-05
  3.750550e+00   5.531743e-05   3.702640e-05
  3.753340e+00   1.541086e-04   3.721722e-05
  3.756140e+00   7.561513e-05   3.700974e-05
  3.758930e+00   9.932401e-05   3.704664e-05
  3.761730e+00   7.183717e-05   3.691752e-05
  3.764520e+00   7.726974e-05   3.689821e-05
  3.767320e+00   1.160625e-04   3.704617e-05
  3.770110e+00   7.475164e-05   3.695319e-05
  3.772910e+00   1.514836e-04   3.728630e-05
  3.775700e+00   1.015559e-04   3.710474e-05
  3.778500e+00   9.473849e-05   3.707403e-05
  3.781290e+00   1.229211e-04   3.696854e-05
  3.784090e+00   1.093240e-04   3.718359e-05
  3.786880e+00   1.183059e-04   3.724696e-05
  3.789670e+00   1.655822e-04   3.735339e-05
  3.792470e+00   4.349836e-05   3.679742e-05
  3.795260e+00   1.310740e-04   3.711015e-05
  3.798060e+00   7.258388e-05   3.698814e-05
  3.800850e+00   6.872697e-05   3.673339e-05
  3.803650e+00   1.203816e-04   3.706793e-05
  3.806440e+00   9.435197e-05   3.689947e-05
  3.809240e+00   2.489474e-05   3.661322e-05
  3.812030e+00   9.288980e-05   3.684715e-05
  3.814830e+00   3.830428e-05   3.664495e-05
  3.817620e+00   9.323355e-05   3.674891e-05
  3.820420e+00   5.418092e-05   3.687117e-05
  3.823210e+00   1.139391e-04   3.702413e-05
  3.826010e+00   2.818257e-05   3.645704e-05
  3.828800e+00   9.330757e-05   3.675791e-05
  3.831600e+00   8.211020e-05   3.680485e-05
  3.834390e+00   9.098191e-05   3.683479e-05
  3.837190e+00   7.922204e-05   3.676859e-05
  3.839980e+00   8.792763e-05   3.676363e-05
  3.842780e+00   8.947039e-05   3.673594e-05
  3.845570e+00   1.067961e-04   3.700253e-05
  3.848360e+00   1.559704e-04   3.698403e-05
  3.851160e+00   1.121579e-04   3.681880e-05
  3.853950e+00   1.544079e-05   3.637360e-05
  3.856750e+00   8.363487e-05   3.682084e-05
  3.859540e+00   9.532237e-05   3.676081e-05
  3.862340e+00   6.274507e-05   3.674372e-05
  3.865130e+00   8.580099e-05   3.672127e-05
  3.867930e+00  -1.053947e-05   3.631467e-05
  3.870720e+00   9.177796e-05   3.680525e-05
  3.873520e+00   7.637007e-05   3.669220e-05
  3.876310e+00   2.494243e-05   3.642928e-05
  3.879110e+00   7.768257e-05   3.757370e-05
  3.881900e+00   1.181645e-04   3.800493e-05
  3.884700e+00   1.085181e-04   3.813258e-05
  3.887490e+00   6.240461e-05   3.812488e-05
  3.890290e+00   1.384934e-04   3.861456e-05
  3.893080e+00   6.952138e-05   3.865010e-05
  3.895880e+00  -1.725822e-05   3.808053e-05
  3.898670e+00   8.889803e-05   3.892683e-05
  3.901460e+00   3.153125e-05   3.864377e-05
  3.904260e+00   7.734211e-05   3.917791e-05
  3.907050e+00   6.385855e-05   3.915933e-05
  3.909850e+00   1.111678e-04   3.952089e-05
  3.912640e+00   1.084589e-04   3.932234e-05
  3.915440e+00   8.220559e-05   3.951365e-05
  3.918230e+00   1.167812e-04   3.947316e-05
  3.921030e+00   9.608059e-05   3.970475e-05
  3.923820e+00   9.504934e-05   3.992206e-05
  3.926620e+00   1.223109e-04   3.997194e-05
  3.929410e+00   4.486349e-05   3.975429e-05
  3.932210e+00   7.433388e-05   3.989081e-05
  3.935000e+00   3.830428e-05   3.977895e-05
  3.937800e+00   1.740938e-04   4.097888e-05
  3.940590e+00   1.585822e-04   4.064110e-05
  3.943390e+00   3.247533e-05   4.009227e-05
  3.946180e+00   1.047944e-04   3.978707e-05
  3.948980e+00   1.548026e-04   3.970043e-05
  3.951770e+00   1.653043e-04   3.993117e-05
  3.954560e+00   6.677303e-05   3.874418e-05
  3.957360e+00   7.117270e-05   3.891734e-05
  3.960150e+00   1.696217e-05   3.854618e-05
  3.962950e+00   8.673684e-05   3.867355e-05
  3.965740e+00   7.699836e-05   3.857936e-05
  3.968540e+00   1.138158e-04   3.867826e-05
  3.971330e+00   7.172862e-05   3.848997e-05
  3.974130e+00   1.728454e-05   3.806118e-05
  3.976920e+00   1.110641e-04   3.817590e-05
  3.979720e+00   6.807895e-05   3.819148e-05
  3.982510e+00   1.184063e-04   3.841646e-05
  3.985310e+00   1.708586e-04   3.880189e-05
  3.988100e+00   1.354868e-04   3.863750e-05
  3.990900e+00   1.066776e-04   3.810291e-05
  3.993690e+00   1.386562e-04   3.840970e-05
  3.996490e+00   1.392451e-04   3.838692e-05
  3.999280e+00   1.478849e-04   3.856299e-05
  4.002080e+00   6.614638e-05   3.792536e-05
  4.004870e+00   4.778947e-05   3.799979e-05
  4.007670e+00   1.319984e-04   3.823063e-05
  4.010460e+00   8.249178e-05   3.823413e-05
  4.013250e+00   6.306086e-05   3.776347e-05
  4.016050e+00   1.001612e-04   3.806926e-05
  4.018840e+00   8.766776e-05   3.810232e-05
  4.021640e+00   1.380872e-04   3.825607e-05
  4.024430e+00   4.198355e-05   3.780309e-05
  4.027230e+00   1.292237e-04   3.826539e-05
  4.030020e+00   5.044408e-05   3.781189e-05
  4.032820e+00   9.697862e-05   3.822179e-05
  4.035610e+00   4.373026e-05   3.796656e-05
  4.038410e+00   6.615461e-05   3.804878e-05
  4.041200e+00   1.124046e-04   3.825311e-05
  4.044000e+00   1.232862e-04   3.824789e-05
  4.046790e+00   1.004704e-04   3.836166e-05
  4.049590e+00   3.053289e-05   3.780359e-05
  4.052380e+00   8.813158e-05   3.833597e-05
  4.055180e+00   6.373849e-05   3.793569e-05
  4.057970e+00  -1.779441e-05   3.759410e-05
  4.060770e+00   1.265707e-04   3.837245e-05
  4.063560e+00   5.541283e-05   3.803015e-05
  4.066350e+00   5.210362e-05   3.812775e-05
  4.069150e+00   1.043240e-04   3.826970e-05
  4.071940e+00   2.925822e-05   3.770821e-05
  4.074740e+00   4.308059e-05   3.800525e-05
  4.077530e+00   1.005444e-04   3.819992e-05
  4.080330e+00   1.160280e-04   3.828061e-05
  4.083120e+00   7.477138e-05   3.808811e-05
  4.085920e+00   7.128618e-05   3.812454e-05
  4.088710e+00   9.581743e-05   3.829632e-05
  4.091510e+00   6.543092e-05   3.795217e-05
  4.094300e+00   9.917763e-05   3.829704e-05
  4.097100e+00   1.640970e-04   3.862150e-05
  4.099890e+00   1.481743e-04   3.864270e-05
  4.102690e+00   9.065625e-05   3.807967e-05
  4.105480e+00   4.650329e-05   3.803286e-05
  4.108280e+00   1.559079e-04   3.846678e-05
  4.111070e+00   5.607730e-05   3.805393e-05
  4.113870e+00   1.188684e-04   3.829035e-05
  4.116660e+00   1.348947e-04   3.832201e-05
  4.119450e+00   8.708388e-05   3.826653e-05
  4.122250e+00   4.969737e-05   3.776548e-05
  4.125040e+00   1.018849e-04   3.828738e-05
  4.127840e+00   1.332072e-05   3.798100e-05
  4.130630e+00   8.269901e-05   3.808852e-05
  4.133430e+00   1.241184e-04   3.840166e-05
  4.136220e+00   4.960691e-05   3.791359e-05
  4.139020e+00   3.125000e-08   3.783789e-05
  4.141810e+00   1.026053e-04   3.836087e-05
  4.144610e+00   1.111020e-04   3.816206e-05
  4.147400e+00   1.085411e-04   3.842957e-05
  4.150200e+00   6.909211e-05   3.798914e-05
  4.152990e+00   7.901316e-05   3.816181e-05
  4.155790e+00   1.041382e-04   3.824895e-05
  4.158580e+00   8.725493e-05   3.814209e-05
  4.161380e+00   1.044112e-04   3.825610e-05
  4.164170e+00   1.341217e-04   3.845533e-05
  4.166970e+00   9.678125e-05   3.825551e-05
  4.169760e+00   6.009704e-05   3.810801e-05
  4.172560e+00   1.577549e-04   3.836819e-05
  4.175350e+00   1.038668e-04   3.837314e-05
  4.178140e+00   1.187352e-04   3.835296e-05
  4.180940e+00   7.175822e-05   3.821314e-05
  4.183730e+00   2.910362e-05   3.781717e-05
  4.186530e+00   1.107730e-04   3.815882e-05
  4.189320e+00   5.541941e-05   3.805179e-05
  4.192120e+00   5.279605e-06   3.771901e-05
  4.194910e+00   8.580263e-05   3.798194e-05
  4.197710e+00   1.078141e-04   3.808880e-05
  4.200500e+00   1.276135e-04   3.836521e-05
  4.203300e+00   1.437336e-05   3.770002e-05
  4.206090e+00   3.229605e-05   3.774581e-05
  4.208890e+00   2.499013e-05   3.777949e-05
  4.211680e+00   3.089967e-05   3.778197e-05
  4.214480e+00   9.376151e-05   3.814403e-05
  4.217270e+00   1.380970e-04   3.851633e-05
  4.220070e+00   1.167434e-05   3.757984e-05
  4.222860e+00   1.302007e-04   3.837062e-05
  4.225660e+00   8.986678e-05   3.803926e-05
  4.228450e+00   1.496266e-04   3.838891e-05
  4.231240e+00   4.405921e-05   3.782523e-05
  4.234040e+00   9.894572e-05   3.814666e-05
  4.236830e+00   1.238092e-04   3.827199e-05
  4.239630e+00  -5.157895e-05   3.720490e-05
  4.242420e+00   9.052467e-05   3.810064e-05
  4.245220e+00   6.756743e-05   3.786567e-05
  4.248010e+00   7.138980e-05   3.798900e-05
  4.250810e+00   1.232138e-04   3.814268e-05
  4.253600e+00   9.492434e-05   3.797046e-05
  4.256400e+00   9.159375e-05   3.799414e-05
  4.259190e+00   7.418092e-05   3.790919e-05
  4.261990e+00   8.739803e-05   3.805872e-05
  4.264780e+00   1.137352e-04   3.808632e-05
  4.267580e+00   9.755428e-05   3.789336e-05
  4.270370e+00   9.618092e-05   3.800561e-05
  4.273170e+00   4.274013e-05   3.766725e-05
  4.275960e+00   1.177056e-04   3.803715e-05
  4.278760e+00   7.746546e-05   3.782255e-05
  4.281550e+00   4.158553e-05   3.764434e-05
  4.284340e+00   6.278125e-05   3.786572e-05
  4.287140e+00   2.651316e-05   3.762551e-05
  4.289930e+00   1.097648e-04   3.802734e-05
  4.292730e+00   1.127648e-04   3.808105e-05
  4.295520e+00   1.027895e-04   3.813975e-05
  4.298320e+00   1.171579e-04   3.812512e-05
  4.301110e+00   8.044737e-05   3.794148e-05
  4.303910e+00   1.154145e-04   3.804880e-05
  4.306700e+00   9.395724e-05   3.803709e-05
  4.309500e+00   7.212336e-05   3.787706e-05
  4.312290e+00   4.095888e-05   3.776334e-05
  4.315090e+00   1.656595e-04   3.825878e-05
  4.317880e+00   2.513322e-05   3.766158e-05
  4.320680e+00   9.387336e-05   3.796095e-05
  4.323470e+00   1.081398e-04   3.813253e-05
  4.326270e+00   6.529934e-05   3.772199e-05
  4.329060e+00   7.041283e-05   3.796628e-05
  4.331860e+00   1.328273e-04   3.803179e-05
  4.334650e+00   6.065954e-05   3.768896e-05
  4.337450e+00   6.775658e-05   3.788730e-05
  4.340240e+00   7.203289e-05   3.787553e-05
  4.343030e+00   4.641447e-05   3.773786e-05
  4.345830e+00   1.024572e-04   3.796712e-05
  4.348620e+00   4.065461e-05   3.766781e-05
  4.351420e+00   3.490132e-05   3.752755e-05
  4.354210e+00   6.215296e-05   3.773531e-05
  4.357010e+00   1.082961e-04   3.810439e-05
  4.359800e+00   5.441776e-05   3.774809e-05
  4.362600e+00   6.019079e-05   3.783000e-05
  4.365390e+00   6.585197e-05   3.799372e-05
  4.368190e+00   9.003289e-05   3.791941e-05
  4.370980e+00   1.801908e-04   3.835245e-05
  4.373780e+00   4.052961e-05   3.767015e-05
  4.376570e+00   1.065510e-04   3.815535e-05
  4.379370e+00   6.145066e-05   3.779395e-05
  4.382160e+00   3.175000e-05   3.769845e-05
  4.384960e+00   1.082697e-04   3.804563e-05
  4.387750e+00   1.172549e-04   3.816600e-05
  4.390550e+00   4.190132e-05   3.791469e-05
  4.393340e+00   3.433553e-05   3.793090e-05
  4.396130e+00   6.839967e-05   3.814003e-05
  4.398930e+00   1.156546e-04   3.813242e-05
  4.401720e+00   1.572500e-04   3.832559e-05
  4.404520e+00   1.094539e-04   3.828538e-05
  4.407310e+00   8.832566e-05   3.812418e-05
  4.410110e+00   7.416941e-05   3.812564e-05
  4.412900e+00   7.323684e-05   3.799107e-05
  4.415700e+00   6.100329e-05   3.794773e-05
  4.418490e+00   1.164260e-04   3.828949e-05
  4.421290e+00   9.835855e-05   3.811539e-05
  4.424080e+00   3.223520e-05   3.811829e-05
  4.426880e+00   8.863487e-05   3.811477e-05
  4.429670e+00   4.036513e-05   3.797385e-05
  4.432470e+00   4.413158e-05   3.801187e-05
  4.435260e+00   7.900493e-05   3.802760e-05
  4.438060e+00   4.030757e-05   3.821502e-05
  4.440850e+00   8.071875e-05   3.791039e-05
  4.443650e+00   8.080921e-05   3.824972e-05
  4.446440e+00   1.262632e-04   3.837725e-05
  4.449230e+00   7.323191e-05   3.813536e-05
  4.452030e+00   1.253717e-04   3.840979e-05
  4.454820e+00   1.379227e-04   3.841757e-05
  4.457620e+00   8.024178e-05   3.829549e-05
  4.460410e+00   1.211365e-04   3.845997e-05
  4.463210e+00   7.202796e-05   3.792257e-05
  4.466000e+00   1.193980e-04   3.841924e-05
  4.468800e+00   1.012829e-04   3.837623e-05
  4.471590e+00   7.075987e-05   3.892281e-05
  4.474390e+00   6.260197e-05   3.934135e-05
  4.477180e+00   5.562500e-05   3.954377e-05
  4.479980e+00   5.016283e-05   3.971002e-05
  4.482770e+00   9.440954e-05   4.038304e-05
  4.485570e+00   1.382155e-04   4.044206e-05
  4.488360e+00   9.693750e-05   4.055317e-05
  4.491160e+00   6.925000e-05   4.059390e-05
  4.493950e+00   6.916941e-05   4.076788e-05
  4.496750e+00   1.149918e-04   4.138622e-05
  4.499540e+00   1.541151e-04   4.147163e-05
  4.502340e+00   1.008043e-04   4.128845e-05
  4.505130e+00   1.274704e-04   4.174396e-05
  4.507920e+00   6.010362e-05   4.144352e-05
  4.510720e+00   7.687336e-05   4.174709e-05
  4.513510e+00   1.132155e-04   4.180768e-05
  4.516310e+00   1.508158e-04   4.230592e-05
  4.519100e+00   8.307072e-05   4.222632e-05
  4.521900e+00   6.994408e-05   4.193571e-05
  4.524690e+00   9.947368e-05   4.260934e-05
  4.527490e+00   3.338651e-05   4.212160e-05
  4.530280e+00   1.850510e-04   4.306678e-05
  4.533080e+00   1.130428e-04   4.288423e-05
  4.535870e+00   9.294737e-05   4.293985e-05
  4.538670e+00   2.857566e-05   4.178375e-05
  4.541460e+00   1.026086e-04   4.156456e-05
  4.544260e+00   3.697204e-05   4.106345e-05
  4.547050e+00   1.963651e-05   4.092276e-05
  4.549850e+00   8.266118e-05   4.074952e-05
  4.552640e+00   4.353454e-05   4.067319e-05
  4.555440e+00   8.828783e-05   4.048979e-05
  4.558230e+00   1.320461e-04   4.085438e-05
  4.561020e+00   1.047730e-04   4.063758e-05
  4.563820e+00   9.241447e-05   4.027641e-05
  4.566610e+00   1.058010e-04   4.051620e-05
  4.569410e+00   1.769408e-05   3.998732e-05
  4.572200e+00   1.775493e-05   4.012936e-05
  4.575000e+00   1.252467e-04   4.044373e-05
  4.577790e+00   7.355592e-05   4.016087e-05
  4.580590e+00   1.019819e-04   4.031184e-05
  4.583380e+00   3.810691e-05   3.986007e-05
  4.586180e+00   9.025822e-05   4.023168e-05
  4.588970e+00   1.052549e-04   4.022222e-05
  4.591770e+00   1.043043e-04   4.014314e-05
  4.594560e+00   6.553947e-05   3.996370e-05
  4.597360e+00   1.633750e-04   4.032031e-05
  4.600150e+00   1.548092e-04   4.025028e-05
  4.602950e+00   3.183553e-05   3.975465e-05
  4.605740e+00   7.793421e-05   3.996312e-05
  4.608540e+00   6.438651e-05   3.992809e-05
  4.611330e+00   5.938158e-05   3.966755e-05
  4.614120e+00   1.300921e-04   4.020378e-05
  4.616920e+00   1.025099e-04   3.999270e-05
  4.619710e+00   1.642747e-04   4.046086e-05
  4.622510e+00   1.204589e-04   4.002135e-05
  4.625300e+00   9.919901e-05   3.998067e-05
  4.628100e+00   8.321382e-05   4.010574e-05
  4.630890e+00   1.102862e-04   4.002546e-05
  4.633690e+00   1.260872e-04   4.002132e-05
  4.636480e+00   3.459375e-05   3.950916e-05
  4.639280e+00   5.846546e-05   3.973615e-05
  4.642070e+00   1.121464e-04   3.983434e-05
  4.644870e+00   7.938651e-05   3.952196e-05
  4.647660e+00   1.112368e-04   3.995594e-05
  4.650460e+00   1.075872e-04   3.978288e-05
  4.653250e+00   7.847204e-05   3.955493e-05
  4.656050e+00   1.171086e-04   3.996586e-05
  4.658840e+00   1.589786e-04   3.975789e-05
  4.661640e+00   6.790625e-05   3.963918e-05
  4.664430e+00   1.151612e-04   3.962071e-05
  4.667230e+00   1.180510e-04   3.968058e-05
  4.670020e+00   1.339030e-04   3.976689e-05
  4.672810e+00   8.512993e-05   3.946092e-05
  4.675610e+00   6.993257e-05   3.935729e-05
  4.678400e+00   9.214638e-05   3.945234e-05
  4.681200e+00   5.782566e-05   3.932510e-05
  4.683990e+00   1.099441e-04   3.972564e-05
  4.686790e+00   1.313109e-04   3.972035e-05
  4.689580e+00   9.150658e-05   3.955270e-05
  4.692380e+00   1.005247e-04   3.936271e-05
  4.695170e+00   3.598684e-05   3.914997e-05
  4.697970e+00   8.168586e-05   3.956650e-05
  4.700760e+00   4.653454e-05   3.919278e-05
  4.703560e+00   1.914293e-04   3.984378e-05
  4.706350e+00   1.625000e-05   3.905067e-05
  4.709150e+00   3.846546e-05   3.930498e-05
  4.711940e+00   1.255362e-04   3.953158e-05
  4.714740e+00   1.330181e-04   3.960497e-05
  4.717530e+00   7.577303e-05   3.937694e-05
  4.720330e+00   9.224836e-05   3.942137e-05
  4.723120e+00   6.609704e-05   3.932038e-05
  4.725910e+00   8.038816e-05   3.934609e-05
  4.728710e+00   7.994408e-05   3.928850e-05
  4.731500e+00   1.157664e-04   3.944658e-05
  4.734300e+00   8.765954e-05   3.943099e-05
  4.737090e+00   7.689803e-05   3.948206e-05
  4.739890e+00   9.724836e-05   3.941370e-05
  4.742680e+00   1.000921e-04   3.932544e-05
  4.745480e+00   3.484704e-05   3.925270e-05
  4.748270e+00   6.695395e-05   3.928454e-05
  4.751070e+00   7.565789e-05   3.938191e-05
  4.753860e+00   4.127303e-05   3.918105e-05
  4.756660e+00   2.509868e-05   3.912786e-05
  4.759450e+00   1.285296e-04   3.946597e-05
  4.762250e+00   7.446875e-05   3.941681e-05
  4.765040e+00   9.080592e-05   3.929033e-05
  4.767840e+00   1.374572e-04   3.966222e-05
  4.770630e+00   4.620395e-05   3.924480e-05
  4.773430e+00   1.044359e-04   3.939740e-05
  4.776220e+00   6.688487e-05   3.927484e-05
  4.779010e+00   1.285921e-04   3.947273e-05
  4.781810e+00   8.082730e-05   3.928821e-05
  4.784600e+00   8.571053e-05   3.937437e-05
  4.787400e+00  -2.285526e-05   3.884523e-05
  4.790190e+00   9.860362e-05   3.945113e-05
  4.792990e+00   1.582993e-04   3.973051e-05
  4.795780e+00   1.256299e-04   3.948062e-05
  4.798580e+00   4.555757e-05   3.906587e-05
  4.801370e+00   1.032303e-04   3.959574e-05
  4.804170e+00   1.215493e-04   3.952206e-05
  4.806960e+00   6.414309e-05   3.916704e-05
  4.809760e+00   1.591530e-04   3.975437e-05
  4.812550e+00   1.216530e-04   3.926008e-05
  4.815350e+00   8.970395e-05   3.967416e-05
  4.818140e+00   8.428947e-05   3.929865e-05
  4.820940e+00   7.963816e-05   3.934535e-05
  4.823730e+00   9.864638e-05   3.943998e-05
  4.826530e+00   6.299342e-05   3.907368e-05
  4.829320e+00   9.884868e-05   3.968804e-05
  4.832120e+00   1.403191e-04   3.949158e-05
  4.834910e+00   4.475822e-05   3.915122e-05
  4.837700e+00   9.484704e-05   3.967113e-05
  4.840500e+00   1.366546e-04   3.930748e-05
  4.843290e+00   1.010641e-04   3.954419e-05
  4.846090e+00   5.677467e-05   3.903214e-05
  4.848880e+00   3.015625e-05   3.911903e-05
  4.851680e+00   9.923849e-05   3.974977e-05
  4.854470e+00   6.558388e-05   3.904816e-05
  4.857270e+00   1.978289e-04   4.006434e-05
  4.860060e+00   9.795066e-05   3.912610e-05
  4.862860e+00   9.783388e-05   3.948212e-05
  4.865650e+00   1.362401e-04   3.958352e-05
  4.868450e+00   8.936349e-05   3.917984e-05
  4.871240e+00   9.051151e-05   3.936990e-05
  4.874040e+00   1.968257e-05   3.878673e-05
  4.876830e+00   8.787829e-05   3.931526e-05
  4.879630e+00   4.332401e-05   3.912294e-05
  4.882420e+00   7.201151e-05   3.893130e-05
  4.885220e+00   1.247385e-04   3.962543e-05
  4.888010e+00   8.082730e-05   3.916633e-05
  4.890800e+00   3.701151e-05   3.888263e-05
  4.893600e+00   8.444079e-05   3.903694e-05
  4.896390e+00   7.367599e-05   3.908099e-05
  4.899190e+00   7.311184e-05   3.921783e-05
  4.901980e+00   1.186299e-04   3.919061e-05
  4.904780e+00   3.985362e-05   3.903072e-05
  4.907570e+00   8.576316e-05   3.904556e-05
  4.910370e+00   1.070559e-04   3.923099e-05
  4.913160e+00   1.063684e-04   3.915852e-05
  4.915960e+00   1.088257e-04   3.918867e-05
  4.918750e+00   1.153207e-04   3.921809e-05
  4.921550e+00   4.226645e-05   3.888831e-05
  4.924340e+00   1.240066e-04   3.918964e-05
  4.927140e+00   9.985526e-05   3.926595e-05
  4.929930e+00   7.256579e-05   3.903942e-05
  4.932730e+00   3.511184e-05   3.907298e-05
  4.935520e+00   6.489967e-05   3.896694e-05
  4.938320e+00   6.934704e-05   3.913137e-05
  4.941110e+00   3.951480e-05   3.890750e-05
  4.943900e+00   1.576990e-04   3.951071e-05
  4.946700e+00   6.182895e-05   3.906377e-05
  4.949490e+00   1.687763e-04   3.962363e-05
  4.952290e+00   5.826151e-05   3.916984e-05
  4.955080e+00   5.434211e-05   3.886806e-05
  4.957880e+00   1.008635e-04   3.943429e-05
  4.960670e+00   6.195724e-05   3.885880e-05
  4.963470e+00   8.607730e-05   3.938880e-05
  4.966260e+00   6.268421e-05   3.921724e-05
  4.969060e+00   2.069408e-05   3.880461e-05
  4.971850e+00   3.875658e-05   3.908653e-05
  4.974650e+00   1.541612e-04   3.943783e-05
  4.977440e+00   9.276316e-07   3.892497e-05
  4.980240e+00   6.250000e-05   3.914947e-05
  4.983030e+00   1.288470e-04   3.948467e-05
  4.985830e+00   8.145724e-05   3.917428e-05
  4.988620e+00   4.150329e-05   3.898808e-05
  4.991420e+00   8.847368e-05   3.936411e-05
  4.994210e+00   6.880592e-05   3.913007e-05
  4.997000e+00   7.527796e-05   3.902584e-05
  4.999800e+00   5.558553e-05   3.934484e-05
  5.002590e+00   7.111184e-05   3.878944e-05
range-from: 18
range-to: 1783
Bragg Angle []: 1.09435E+01
Buffer: MES_red
Code: CaMK2a_WT_4mgmL_MES_red
Concentration [mg/ml]: 4.00
Contrast [10^10cm^-2]: 2.953
Description: CaMK2a_WT_4mgmL_20mMMES_150mMNaCl_1mMDTT
Detector Distance [m]: 3.0
Detector Name: pilatus6m
Diode 1: -3.168e-11
Diode 2: 1.071e-07
Energy [eV]: 10000.3
Exposure Delay [s]: 0.000000
Exposure period [s]: 0.100000
Exposure time [s]: 0.090000
PETRA Current: 120.21
Parent(s): /Users/nqd670/Documents/Projects/CamKIIa_local/P12_Oct2022/analysis/FINAL_WT_6x_highconc/sub_002.dat
Partial Specific Volume [cm^3/g]: 0.732
QBPM 1: 4.099e-07
Run Number: 34
SC Current Temperature: 20.0
SC Target Temperature: 20.0
SEU Current Temperature: 20.1
SEU Horizontal Position: -18.920
SEU Target Temperature: 20.0
SEU Vertical Position: -3.140
Sample: CaMK2a_WT_4mgmL
Timestamp (begin): 2022-10-03 12:17:27.706
Timestamp (end): 2022-10-03 12:17:28.195
Transmitted Beam (mean): 3.91765E-01
Wavelength [nm]: 0.123981
angular-axis-file: etc/radial-averaging/saxs-2/saxis_20220927.dat
angular-unit: nanometer
beam-center-x: 1291.7000
beam-center-y: 2450.1000
beamstop-mask-file: etc/radial-averaging/saxs-2/mask_saxs2_10keV_20220819.msk
channel-first: 9
channel-last: 2627
creator: datop
creator-version: v0.4 (r14833)
databsolute-cell: ../cap_0002_00001.dat
databsolute-factor: 2.63313E+03
databsolute-factor-error: 9.30964E-01
databsolute-first: 100
databsolute-last: 1000
databsolute-temperature: 2.00000E+01
databsolute-temperature-coefficient: 1.63200E-02
databsolute-water: ../h2o_0003_00001.dat
datop-operation: /Users/nqd670/Documents/Projects/CamKIIa_local/P12_Oct2022/analysis/FINAL_WT_6x_highconc/sub_002.dat DIV 6.08
datop-operation: /Users/nqd670/Documents/Projects/CamKIIa_local/P12_Oct2022/analysis/FINAL_WT_6x_highconc/CaMK2a_WT_4mgmL_MES_red_0034_sample.dat SUB /Users/nqd670/Documents/Projects/CamKIIa_local/P12_Oct2022/analysis/FINAL_WT_6x_highconc/CaMK2a_WT_4mgmL_MES_red_0034_buffer.dat
detector-response-file: none
flatfield-file: none
parent: /Users/nqd670/Documents/Projects/CamKIIa_local/P12_Oct2022/analysis/FINAL_WT_6x_highconc/sub_002.dat
range-from: 1
range-to: 2619
unit-time: 100.0000
working-directory: /data/central/saxs/p12/p3l-langkilde/2022-10-03/BatchMode_1
