Data divided by constant (Conc)                                               
mic9_mer1.da  Conc = .65E+00  Mult = .10E+01  N1 =    1  N2 =  364  SCALE =  1
  0.164451E-01  0.214649E+03  0.845223E+00
  0.185621E-01  0.204237E+03  0.754155E+00
  0.206792E-01  0.192820E+03  0.690058E+00
  0.227962E-01  0.180946E+03  0.643322E+00
  0.249132E-01  0.166751E+03  0.601374E+00
  0.270303E-01  0.152739E+03  0.565705E+00
  0.291474E-01  0.141500E+03  0.540225E+00
  0.312644E-01  0.129008E+03  0.513640E+00
  0.333815E-01  0.118801E+03  0.491589E+00
  0.354985E-01  0.106660E+03  0.467231E+00
  0.376155E-01  0.979680E+02  0.448237E+00
  0.397326E-01  0.877638E+02  0.429086E+00
  0.415482E-01  0.805680E+02  0.365177E+00
  0.426670E-01  0.770334E+02  0.301154E+00
  0.436741E-01  0.726794E+02  0.350428E+00
  0.448017E-01  0.686194E+02  0.288388E+00
  0.460936E-01  0.641977E+02  0.311128E+00
  0.471126E-01  0.612732E+02  0.276795E+00
  0.482783E-01  0.582386E+02  0.322823E+00
  0.492474E-01  0.554400E+02  0.266351E+00
  0.504042E-01  0.523332E+02  0.312731E+00
  0.513822E-01  0.500072E+02  0.258023E+00
  0.525301E-01  0.473238E+02  0.303595E+00
  0.535169E-01  0.453477E+02  0.251035E+00
  0.546560E-01  0.431989E+02  0.295400E+00
  0.556516E-01  0.413072E+02  0.242960E+00
  0.567819E-01  0.392431E+02  0.287998E+00
  0.577864E-01  0.379769E+02  0.237195E+00
  0.589078E-01  0.356517E+02  0.281342E+00
  0.599211E-01  0.343865E+02  0.232355E+00
  0.610337E-01  0.329528E+02  0.276292E+00
  0.620558E-01  0.316722E+02  0.225632E+00
  0.631595E-01  0.300820E+02  0.268757E+00
  0.641906E-01  0.292485E+02  0.220638E+00
  0.652854E-01  0.281772E+02  0.264715E+00
  0.663253E-01  0.273145E+02  0.215400E+00
  0.674114E-01  0.263062E+02  0.258105E+00
  0.684600E-01  0.244234E+02  0.209060E+00
  0.695372E-01  0.238283E+02  0.252600E+00
  0.705948E-01  0.230738E+02  0.206612E+00
  0.716631E-01  0.224151E+02  0.249992E+00
  0.727295E-01  0.218845E+02  0.203768E+00
  0.737890E-01  0.208629E+02  0.246694E+00
  0.748643E-01  0.205685E+02  0.201683E+00
  0.759149E-01  0.196528E+02  0.243448E+00
  0.769990E-01  0.189349E+02  0.198534E+00
  0.780408E-01  0.182506E+02  0.240929E+00
  0.791337E-01  0.176148E+02  0.194880E+00
  0.801667E-01  0.174802E+02  0.239466E+00
  0.812684E-01  0.164709E+02  0.192458E+00
  0.822926E-01  0.155960E+02  0.233432E+00
  0.834032E-01  0.150997E+02  0.188965E+00
  0.844185E-01  0.151618E+02  0.234480E+00
  0.855379E-01  0.144728E+02  0.188835E+00
  0.865443E-01  0.139426E+02  0.232357E+00
  0.876727E-01  0.137335E+02  0.186608E+00
  0.886702E-01  0.136793E+02  0.230155E+00
  0.898074E-01  0.128388E+02  0.183843E+00
  0.907962E-01  0.122189E+02  0.225672E+00
  0.919421E-01  0.116175E+02  0.180562E+00
  0.929220E-01  0.112656E+02  0.223592E+00
  0.940769E-01  0.111135E+02  0.179889E+00
  0.951653E-01  0.107514E+02  0.201075E+00
  0.963878E-01  0.100773E+02  0.175935E+00
  0.975262E-01  0.969752E+01  0.218335E+00
  0.985225E-01  0.963809E+01  0.177002E+00
  0.996521E-01  0.926566E+01  0.215648E+00
  0.100657E+00  0.867705E+01  0.172275E+00
  0.101778E+00  0.823171E+01  0.210905E+00
  0.102792E+00  0.795349E+01  0.170115E+00
  0.103904E+00  0.781449E+01  0.210728E+00
  0.104927E+00  0.743326E+01  0.167818E+00
  0.106030E+00  0.676383E+01  0.207922E+00
  0.107062E+00  0.672603E+01  0.163802E+00
  0.108156E+00  0.641531E+01  0.205565E+00
  0.109196E+00  0.622006E+01  0.162769E+00
  0.110384E+00  0.576414E+01  0.162329E+00
  0.112389E+00  0.539714E+01  0.104872E+00
  0.114533E+00  0.498731E+01  0.102589E+00
  0.116676E+00  0.450500E+01  0.102537E+00
  0.118820E+00  0.429814E+01  0.101650E+00
  0.120964E+00  0.417448E+01  0.101144E+00
  0.123107E+00  0.360646E+01  0.993831E-01
  0.125251E+00  0.352066E+01  0.981806E-01
  0.127395E+00  0.319683E+01  0.976237E-01
  0.129538E+00  0.303162E+01  0.980800E-01
  0.131682E+00  0.279438E+01  0.966522E-01
  0.133825E+00  0.276152E+01  0.971882E-01
  0.135968E+00  0.256802E+01  0.952112E-01
  0.138112E+00  0.240791E+01  0.951589E-01
  0.140256E+00  0.232749E+01  0.949392E-01
  0.142400E+00  0.217809E+01  0.950558E-01
  0.144543E+00  0.211162E+01  0.943254E-01
  0.146686E+00  0.188257E+01  0.930992E-01
  0.148830E+00  0.193460E+01  0.929612E-01
  0.150974E+00  0.186037E+01  0.924488E-01
  0.153117E+00  0.179765E+01  0.930266E-01
  0.155261E+00  0.152930E+01  0.923731E-01
  0.157405E+00  0.171031E+01  0.946909E-01
  0.159548E+00  0.144295E+01  0.922522E-01
  0.161692E+00  0.153312E+01  0.920326E-01
  0.163835E+00  0.149763E+01  0.918123E-01
  0.165979E+00  0.137504E+01  0.933286E-01
  0.168122E+00  0.143944E+01  0.914015E-01
  0.170266E+00  0.120695E+01  0.912209E-01
  0.172409E+00  0.128432E+01  0.910648E-01
  0.174553E+00  0.116743E+01  0.914994E-01
  0.176697E+00  0.977905E+00  0.901258E-01
  0.178840E+00  0.117854E+01  0.909477E-01
  0.180984E+00  0.114918E+01  0.906011E-01
  0.183127E+00  0.113718E+01  0.914218E-01
  0.185271E+00  0.997791E+00  0.899363E-01
  0.187414E+00  0.101077E+01  0.901920E-01
  0.189558E+00  0.984003E+00  0.922255E-01
  0.191702E+00  0.906632E+00  0.889588E-01
  0.193845E+00  0.824114E+00  0.886308E-01
  0.195989E+00  0.901325E+00  0.886111E-01
  0.198132E+00  0.911063E+00  0.889655E-01
  0.200276E+00  0.705820E+00  0.876768E-01
  0.202419E+00  0.779894E+00  0.885151E-01
  0.204563E+00  0.641252E+00  0.879368E-01
  0.206707E+00  0.888682E+00  0.882277E-01
  0.208850E+00  0.715962E+00  0.885086E-01
  0.210994E+00  0.727894E+00  0.881902E-01
  0.213137E+00  0.619374E+00  0.863397E-01
  0.215281E+00  0.725749E+00  0.876943E-01
  0.217425E+00  0.679478E+00  0.869152E-01
  0.219568E+00  0.662725E+00  0.866171E-01
  0.221712E+00  0.467600E+00  0.875308E-01
  0.223855E+00  0.549800E+00  0.870729E-01
  0.225999E+00  0.595192E+00  0.904555E-01
  0.228143E+00  0.440654E+00  0.880663E-01
  0.230258E+00  0.544586E+00  0.733209E-01
  0.231597E+00  0.417065E+00  0.718577E-01
  0.232926E+00  0.522923E+00  0.732743E-01
  0.234265E+00  0.431069E+00  0.726465E-01
  0.235594E+00  0.453300E+00  0.728428E-01
  0.236932E+00  0.502338E+00  0.725425E-01
  0.238261E+00  0.346015E+00  0.711571E-01
  0.239524E+00  0.397692E+00  0.523228E-01
  0.240838E+00  0.450745E+00  0.714254E-01
  0.242167E+00  0.293538E+00  0.709449E-01
  0.243505E+00  0.419477E+00  0.716631E-01
  0.244835E+00  0.486800E+00  0.718492E-01
  0.246173E+00  0.466318E+00  0.720478E-01
  0.247479E+00  0.409926E+00  0.529202E-01
  0.248741E+00  0.424542E+00  0.717082E-01
  0.250079E+00  0.397008E+00  0.707905E-01
  0.251408E+00  0.452660E+00  0.700348E-01
  0.252746E+00  0.329026E+00  0.698782E-01
  0.254076E+00  0.376915E+00  0.716763E-01
  0.255414E+00  0.354529E+00  0.719846E-01
  0.256671E+00  0.283695E+00  0.532232E-01
  0.257982E+00  0.322794E+00  0.726255E-01
  0.259319E+00  0.276751E+00  0.735854E-01
  0.260911E+00  0.304328E+00  0.532625E-01
  0.264074E+00  0.350369E+00  0.215443E-01
  0.267507E+00  0.308518E+00  0.218363E-01
  0.270933E+00  0.277615E+00  0.212631E-01
  0.274366E+00  0.291380E+00  0.217774E-01
  0.277792E+00  0.324578E+00  0.212683E-01
  0.281225E+00  0.304971E+00  0.220237E-01
  0.284651E+00  0.308882E+00  0.214869E-01
  0.288083E+00  0.279714E+00  0.218288E-01
  0.291510E+00  0.258391E+00  0.211405E-01
  0.294942E+00  0.298274E+00  0.216840E-01
  0.298369E+00  0.279477E+00  0.211226E-01
  0.301800E+00  0.261263E+00  0.214114E-01
  0.305227E+00  0.292454E+00  0.209891E-01
  0.308659E+00  0.317295E+00  0.215672E-01
  0.312086E+00  0.286028E+00  0.210346E-01
  0.315517E+00  0.308528E+00  0.215312E-01
  0.318945E+00  0.294995E+00  0.210302E-01
  0.322376E+00  0.231620E+00  0.215000E-01
  0.325804E+00  0.276872E+00  0.209634E-01
  0.329235E+00  0.254349E+00  0.214109E-01
  0.332663E+00  0.259089E+00  0.209335E-01
  0.336093E+00  0.255960E+00  0.214278E-01
  0.339522E+00  0.272614E+00  0.209448E-01
  0.342952E+00  0.242491E+00  0.214148E-01
  0.346381E+00  0.284994E+00  0.209131E-01
  0.349811E+00  0.218805E+00  0.214329E-01
  0.353240E+00  0.265128E+00  0.209406E-01
  0.356669E+00  0.224997E+00  0.212957E-01
  0.360099E+00  0.235894E+00  0.208149E-01
  0.363528E+00  0.232205E+00  0.212082E-01
  0.366958E+00  0.210180E+00  0.207632E-01
  0.370387E+00  0.190469E+00  0.212106E-01
  0.373817E+00  0.240883E+00  0.205066E-01
  0.377245E+00  0.209642E+00  0.209531E-01
  0.380675E+00  0.225252E+00  0.208451E-01
  0.384104E+00  0.225177E+00  0.211634E-01
  0.387534E+00  0.248272E+00  0.206308E-01
  0.390962E+00  0.245094E+00  0.210246E-01
  0.394393E+00  0.199800E+00  0.204611E-01
  0.397821E+00  0.234018E+00  0.207551E-01
  0.401252E+00  0.177174E+00  0.205103E-01
  0.404680E+00  0.229823E+00  0.209383E-01
  0.408111E+00  0.251265E+00  0.205708E-01
  0.411538E+00  0.235520E+00  0.208188E-01
  0.414970E+00  0.230589E+00  0.204418E-01
  0.418397E+00  0.233677E+00  0.209205E-01
  0.421829E+00  0.207202E+00  0.204115E-01
  0.425256E+00  0.232285E+00  0.208918E-01
  0.428688E+00  0.231086E+00  0.204271E-01
  0.432114E+00  0.219812E+00  0.210260E-01
  0.435546E+00  0.218185E+00  0.202440E-01
  0.438973E+00  0.189175E+00  0.207342E-01
  0.442405E+00  0.238511E+00  0.204700E-01
  0.445832E+00  0.228306E+00  0.209802E-01
  0.449265E+00  0.249123E+00  0.205185E-01
  0.452690E+00  0.188772E+00  0.209517E-01
  0.456123E+00  0.249371E+00  0.206726E-01
  0.459549E+00  0.255034E+00  0.210592E-01
  0.462982E+00  0.260748E+00  0.205763E-01
  0.466407E+00  0.227952E+00  0.211845E-01
  0.469841E+00  0.210149E+00  0.206182E-01
  0.473266E+00  0.252029E+00  0.209871E-01
  0.476700E+00  0.247806E+00  0.204598E-01
  0.480125E+00  0.268552E+00  0.210711E-01
  0.483559E+00  0.255812E+00  0.203660E-01
  0.486983E+00  0.239911E+00  0.207505E-01
  0.490418E+00  0.229722E+00  0.202277E-01
  0.493842E+00  0.249792E+00  0.207965E-01
  0.497277E+00  0.257682E+00  0.202195E-01
  0.500701E+00  0.237057E+00  0.205497E-01
  0.504136E+00  0.262580E+00  0.204558E-01
  0.507559E+00  0.253446E+00  0.209343E-01
  0.510994E+00  0.254006E+00  0.210806E-01
  0.514418E+00  0.244911E+00  0.215397E-01
  0.517853E+00  0.213860E+00  0.204720E-01
  0.521276E+00  0.267343E+00  0.208325E-01
  0.524712E+00  0.249728E+00  0.206874E-01
  0.528135E+00  0.259742E+00  0.212292E-01
  0.531571E+00  0.285680E+00  0.207185E-01
  0.534994E+00  0.226565E+00  0.226317E-01
  0.538430E+00  0.271502E+00  0.209263E-01
  0.541852E+00  0.254040E+00  0.211738E-01
  0.545289E+00  0.217106E+00  0.206268E-01
  0.548711E+00  0.249823E+00  0.209762E-01
  0.552148E+00  0.205463E+00  0.203320E-01
  0.555570E+00  0.274225E+00  0.217525E-01
  0.559007E+00  0.200795E+00  0.201722E-01
  0.562428E+00  0.257062E+00  0.206748E-01
  0.565866E+00  0.244717E+00  0.200609E-01
  0.569287E+00  0.246005E+00  0.212743E-01
  0.572724E+00  0.237940E+00  0.204723E-01
  0.576146E+00  0.251655E+00  0.208865E-01
  0.579584E+00  0.236998E+00  0.203046E-01
  0.583004E+00  0.229778E+00  0.208586E-01
  0.586442E+00  0.218206E+00  0.198926E-01
  0.589863E+00  0.247006E+00  0.205775E-01
  0.593301E+00  0.241732E+00  0.201172E-01
  0.596721E+00  0.213577E+00  0.202489E-01
  0.600160E+00  0.261777E+00  0.203425E-01
  0.603580E+00  0.223402E+00  0.207968E-01
  0.607019E+00  0.189315E+00  0.197711E-01
  0.610439E+00  0.231134E+00  0.209268E-01
  0.613878E+00  0.273783E+00  0.201152E-01
  0.617297E+00  0.238791E+00  0.204962E-01
  0.620737E+00  0.232506E+00  0.201715E-01
  0.624156E+00  0.230738E+00  0.203458E-01
  0.627596E+00  0.188728E+00  0.200209E-01
  0.631014E+00  0.168022E+00  0.205311E-01
  0.634455E+00  0.196583E+00  0.200117E-01
  0.637873E+00  0.199234E+00  0.206580E-01
  0.641314E+00  0.190066E+00  0.201072E-01
  0.644732E+00  0.146810E+00  0.203377E-01
  0.648172E+00  0.214575E+00  0.201345E-01
  0.651590E+00  0.223605E+00  0.204151E-01
  0.655032E+00  0.201151E+00  0.198552E-01
  0.658449E+00  0.161088E+00  0.202908E-01
  0.661890E+00  0.191608E+00  0.200388E-01
  0.665308E+00  0.171320E+00  0.205762E-01
  0.668749E+00  0.159395E+00  0.198146E-01
  0.672166E+00  0.161783E+00  0.203148E-01
  0.675608E+00  0.157658E+00  0.199057E-01
  0.679025E+00  0.146306E+00  0.205809E-01
  0.682467E+00  0.164837E+00  0.202854E-01
  0.685884E+00  0.189518E+00  0.206851E-01
  0.689326E+00  0.184258E+00  0.196848E-01
  0.692742E+00  0.178042E+00  0.206986E-01
  0.696185E+00  0.199968E+00  0.202408E-01
  0.699601E+00  0.194678E+00  0.204678E-01
  0.703044E+00  0.175606E+00  0.200622E-01
  0.706459E+00  0.149512E+00  0.204986E-01
  0.709903E+00  0.181303E+00  0.202340E-01
  0.713318E+00  0.186094E+00  0.207075E-01
  0.716762E+00  0.176692E+00  0.196357E-01
  0.720176E+00  0.150021E+00  0.202402E-01
  0.723620E+00  0.169958E+00  0.194352E-01
  0.727035E+00  0.162328E+00  0.200994E-01
  0.730479E+00  0.158194E+00  0.201002E-01
  0.733894E+00  0.163360E+00  0.202195E-01
  0.737338E+00  0.174568E+00  0.198502E-01
  0.740753E+00  0.164945E+00  0.202002E-01
  0.744197E+00  0.158649E+00  0.197905E-01
  0.747611E+00  0.131325E+00  0.201286E-01
  0.751056E+00  0.177415E+00  0.198526E-01
  0.754470E+00  0.169525E+00  0.204209E-01
  0.757915E+00  0.127266E+00  0.198648E-01
  0.761329E+00  0.103284E+00  0.202192E-01
  0.764774E+00  0.139922E+00  0.196946E-01
  0.768187E+00  0.133698E+00  0.204312E-01
  0.771633E+00  0.132112E+00  0.199988E-01
  0.775046E+00  0.149943E+00  0.206018E-01
  0.778491E+00  0.159311E+00  0.199612E-01
  0.781904E+00  0.159980E+00  0.202914E-01
  0.785351E+00  0.134216E+00  0.198566E-01
  0.788763E+00  0.146291E+00  0.201860E-01
  0.792210E+00  0.157785E+00  0.197566E-01
  0.795621E+00  0.168828E+00  0.203054E-01
  0.799068E+00  0.119342E+00  0.199323E-01
  0.802480E+00  0.120633E+00  0.204758E-01
  0.805927E+00  0.119235E+00  0.198048E-01
  0.809339E+00  0.107429E+00  0.203971E-01
  0.812786E+00  0.980022E-01  0.200017E-01
  0.816197E+00  0.135137E+00  0.203211E-01
  0.819645E+00  0.138848E+00  0.198900E-01
  0.823056E+00  0.114030E+00  0.203249E-01
  0.826504E+00  0.943091E-01  0.199829E-01
  0.829915E+00  0.126739E+00  0.204572E-01
  0.833363E+00  0.140362E+00  0.198557E-01
  0.836773E+00  0.151643E+00  0.204098E-01
  0.840222E+00  0.150281E+00  0.199066E-01
  0.843632E+00  0.109300E+00  0.203352E-01
  0.847081E+00  0.131553E+00  0.199731E-01
  0.850491E+00  0.138033E+00  0.202845E-01
  0.853939E+00  0.776440E-01  0.198688E-01
  0.857349E+00  0.135147E+00  0.204108E-01
  0.860799E+00  0.169858E+00  0.199992E-01
  0.864208E+00  0.143306E+00  0.204468E-01
  0.867658E+00  0.149691E+00  0.199854E-01
  0.871066E+00  0.155554E+00  0.205151E-01
  0.874516E+00  0.136381E+00  0.200703E-01
  0.877925E+00  0.113460E+00  0.205389E-01
  0.881375E+00  0.140914E+00  0.200005E-01
  0.884784E+00  0.129342E+00  0.205065E-01
  0.888234E+00  0.132503E+00  0.200677E-01
  0.891642E+00  0.172066E+00  0.203760E-01
  0.895093E+00  0.149920E+00  0.199440E-01
  0.898501E+00  0.146634E+00  0.205634E-01
  0.901952E+00  0.101834E+00  0.199898E-01
  0.905360E+00  0.125852E+00  0.204263E-01
  0.908811E+00  0.166714E+00  0.199392E-01
  0.912218E+00  0.126808E+00  0.202574E-01
  0.915670E+00  0.131447E+00  0.199245E-01
  0.919077E+00  0.128120E+00  0.206205E-01
  0.922529E+00  0.108376E+00  0.200331E-01
  0.925936E+00  0.909357E-01  0.206157E-01
  0.929387E+00  0.127822E+00  0.200177E-01
  0.932794E+00  0.748372E-01  0.205463E-01
  0.936246E+00  0.111610E+00  0.199511E-01
  0.939653E+00  0.134855E+00  0.205045E-01
  0.943105E+00  0.108814E+00  0.201849E-01
  0.946511E+00  0.112124E+00  0.206931E-01
  0.949964E+00  0.809002E-01  0.200689E-01
  0.953370E+00  0.101740E+00  0.206569E-01
  0.956823E+00  0.118246E+00  0.201674E-01
  0.960229E+00  0.110504E+00  0.206226E-01
  0.963682E+00  0.112540E+00  0.202082E-01
  0.967087E+00  0.141303E+00  0.205982E-01
  0.970541E+00  0.114310E+00  0.202969E-01
  0.973387E+00  0.741666E-01  0.253903E-01
---------D:\Maxim\Niemann\March04\maxim\New\mic9_mer1.dat---------------------
 Merge of: mic9_mer.dat mic_mera.dat                                            
mic9_mer.dat  Conc = .10E+01  Mult = .10E+01  N1 =   40  N2 =  998  SCALE =  1  
mic_mera.dat  Conc = .10E+01  Mult = .19E+00  N1 =    1  N2 =  133  SCALE =  1  
